0.000000000000000000e+00
-1.885881427388269582e-03
-4.546717886006135245e-03
-6.925819552400652723e-03
-8.927719640637932219e-03
-1.075238734749148217e-02
-1.259137207584973966e-02
-1.450907798345953126e-02
-1.647150278901760023e-02
-1.838887097762342826e-02
-2.013462319742803652e-02
-2.157558857220051585e-02
-2.261678591397048299e-02
-2.322976370492291220e-02
-2.344907099243104254e-02
-2.333771916917010136e-02
-2.294841948393494535e-02
-2.229485259479413450e-02
-2.134726909536316386e-02
-2.005236757557471439e-02
-1.836236777094213402e-02
-1.626245797408032434e-02
-1.377800026258013677e-02
-1.096531410824952424e-02
-7.886969843993396623e-03
-4.590860643029270882e-03
-1.094595788169283601e-03
2.611592215045921428e-03
6.555676318608760766e-03
1.076297479273913282e-02
1.523677436963633003e-02
1.994789056187529219e-02
2.483110916345721009e-02
2.979377770560670546e-02
3.473634916278312001e-02
3.957122919805555750e-02
4.423909966593281284e-02
4.871497541705727130e-02
5.300267821359561093e-02
5.711986055720419397e-02
6.107815405669653197e-02
6.486839370695873797e-02
6.845263532981360477e-02
7.176518945698098784e-02
7.472173042265446707e-02
7.723276899876022061e-02
7.921848600833018839e-02
8.061989374677651365e-02
8.140532177721096496e-02
8.157049223557738538e-02
8.113629285359028054e-02
8.013892818807558105e-02
7.862277914486159869e-02
7.662997537028359840e-02
7.419488885279296175e-02
7.133849708146272617e-02
6.806825624519274864e-02
6.438083826908186369e-02
6.026365900432950617e-02
5.570168131834873915e-02
5.068150904306523152e-02
4.519396591136559671e-02
3.923851720832810530e-02
3.282260311080464898e-02
2.596157709117441481e-02
1.867806096223645351e-02
1.099976534444102594e-02
2.959814304169916532e-03
-5.404646194082207700e-03
-1.405130581147351343e-02
-2.293242550802265800e-02
-3.199177301033306886e-02
-4.116435410945784579e-02
-5.037519634589460171e-02
-5.953924847816849386e-02
-6.856328888742713179e-02
-7.734668795477406267e-02
-8.578606648591946549e-02
-9.377882874680382175e-02
-1.012270654763108291e-01
-1.080409850816902440e-01
-1.141421492245329183e-01
-1.194676325688327767e-01
-1.239676688040084462e-01
-1.276106554103442203e-01
-1.303780373762210565e-01
-1.322671552389131089e-01
-1.332876993646414931e-01
-1.334603237658363861e-01
-1.328167717844741247e-01
-1.313946478057362033e-01
-1.292390621742165180e-01
-1.263981210047098180e-01
-1.229197322170306472e-01
-1.188517432856702194e-01
-1.142359471834937246e-01
-1.091071766211011984e-01
-1.034899905892608385e-01
-9.739848442224646741e-02
-9.083433945263125198e-02
-8.378868374157261156e-02
-7.624460877424305005e-02
-6.817912517415186668e-02
-5.956785267416148111e-02
-5.039137124505288501e-02
-4.063763728904046246e-02
-3.030823246585001574e-02
-1.942157651723075418e-02
-8.015409971839693171e-03
3.852512934108598408e-03
1.610385356880572605e-02
2.864023085873129704e-02
4.134761188478147664e-02
5.409748253877916246e-02
6.675099182263455333e-02
7.916395511251278494e-02
9.118928250228625076e-02
1.026825407248722066e-01
1.135050908606630160e-01
1.235294480039425546e-01
1.326435178848612284e-01
1.407548982378410418e-01
1.477979645110095719e-01
1.537343577897686553e-01
1.585582116065740177e-01
1.622955984250809558e-01
1.650006007565550104e-01
1.667528457443785139e-01
1.676446011553845150e-01
1.677698837517305197e-01
1.672133652738775345e-01
1.660351709846356882e-01
1.642648520017515323e-01
1.618936735602254373e-01
1.588781300437374366e-01
1.551488435602631499e-01
1.506231971234664457e-01
1.452245446721637245e-01
1.388966701968765149e-01
1.316179025039670436e-01
1.234062555440951781e-01
1.143140923646051021e-01
1.044158195129830657e-01
9.378871364414698153e-02
8.249300254715352665e-02
7.055614728411230274e-02
5.796839574096085412e-02
4.468702896674903169e-02
3.065191372921938218e-02
1.581184027669380043e-02
1.470050594074012729e-04
-1.630704897541912501e-02
-3.344662386426866529e-02
-5.109985483059115152e-02
-6.903441776835489430e-02
-8.697970714065017539e-02
-1.046481251072438612e-01
-1.217627259851413180e-01
-1.380750018014204605e-01
-1.533806119089693443e-01
-1.675249847200562803e-01
-1.804005419498343199e-01
-1.919423287005482537e-01
-2.021168493279444367e-01
-2.109136949256173732e-01
-2.183364403157447287e-01
-2.243997434686785808e-01
-2.291238451661748721e-01
-2.325377882313855726e-01
-2.346754100416337530e-01
-2.355807094147862046e-01
-2.353076677796469562e-01
-2.339171290341793275e-01
-2.314776645365101693e-01
-2.280617143457994156e-01
-2.237421626699121480e-01
-2.185895681098728449e-01
-2.126660577450917300e-01
-2.060238025132540285e-01
-1.986998677405555913e-01
-1.907148695044170172e-01
-1.820738230197970209e-01
-1.727618661692352231e-01
-1.627480068162061033e-01
-1.519883230627728787e-01
-1.404287931671082679e-01
-1.280121949819663096e-01
-1.146812766205352330e-01
-1.003873441121571064e-01
-8.509676732932958121e-02
-6.879658221224116410e-02
-5.150123046678845018e-02
-3.325626992352476163e-02
-1.414182160764765328e-02
5.725888350821106698e-03
2.619559631156126445e-02
4.708236138453258945e-02
6.817421768934095461e-02
8.923697762602805783e-02
1.100224549109389272e-01
1.302788930758141117e-01
1.497607218125470152e-01
1.682364962381756035e-01
1.855023018317754346e-01
2.013863227984091231e-01
2.157591229507184460e-01
2.285371598986061792e-01
2.396843557290168347e-01
2.492131917986332434e-01
2.571817676490325555e-01
2.636871204640656163e-01
2.688620359051086539e-01
2.728596734747831265e-01
2.758496253117972974e-01
2.780024139194173793e-01
2.794827479882797117e-01
2.804356792964412537e-01
2.809820223845642118e-01
2.812089011483839829e-01
2.811635466266151351e-01
2.808557309170400251e-01
2.802494667711407650e-01
2.792730049992283026e-01
2.778176387712332773e-01
2.757440914545435384e-01
2.728923795572868460e-01
2.690872173045343874e-01
2.641491782544649891e-01
2.579034780449981357e-01
2.501888131015087002e-01
2.408658716739368044e-01
2.298248511654757409e-01
2.169912999611237070e-01
2.023308834702075010e-01
1.858505715595354379e-01
1.676005554185753810e-01
1.476718622283841875e-01
1.261928813028291851e-01
1.033249320097618940e-01
7.925564523272055073e-02
5.419117706693188374e-02
2.834948214478624773e-02
1.951655136959801196e-03
-2.478615230399489056e-02
-5.165699988676086818e-02
-7.847146906284908907e-02
-1.050594247047107466e-01
-1.312732561748871374e-01
-1.569884883399470243e-01
-1.821024554499506842e-01
-2.065320504582452144e-01
-2.302103779610261414e-01
-2.530816892872096435e-01
-2.750961497931361244e-01
-2.962055741181636170e-01
-3.163574012225595644e-01
-3.354899913205749429e-01
-3.535302402062313054e-01
-3.703892791474507895e-01
-3.859618109413695541e-01
-4.001261341638531754e-01
-4.127443001608129269e-01
-4.236666658801548913e-01
-4.327326370208358086e-01
-4.397790026482996661e-01
-4.446429073289704936e-01
-4.471692004325450998e-01
-4.472177744630272400e-01
-4.446688419279625215e-01
-4.394302675239613598e-01
-4.314433431440180544e-01
-4.206867434285203600e-01
-4.071808665165381202e-01
-3.909893032704164773e-01
-3.722191595581345602e-01
-3.510204810394425001e-01
-3.275820840268500733e-01
-3.021278449152282053e-01
-2.749100756031885862e-01
-2.462021836431949606e-01
-2.162911328391884103e-01
-1.854684828962355758e-01
-1.540230741642500401e-01
-1.222323057019493314e-01
-9.035621128300577731e-02
-5.863162638113471326e-02
-2.726836212500129142e-02
3.552638072999450558e-03
3.367982410445819613e-02
6.298989457537573777e-02
9.138517817557217926e-02
1.187892394019834374e-01
1.451425258953000230e-01
1.703965566110358654e-01
1.945081394474322822e-01
2.174343460051879062e-01
2.391273094305895741e-01
2.595297308096856659e-01
2.785721144829186313e-01
2.961698227121279947e-01
3.122237601489232794e-01
3.266192593532644128e-01
3.392301308625895739e-01
3.499198143033148134e-01
3.585469356495135096e-01
3.649705702554720821e-01
3.690556003677982755e-01
3.706805871621818294e-01
3.697422840945225886e-01
3.661637886815084508e-01
3.598988007493763019e-01
3.509380498875592225e-01
3.393114423684956416e-01
3.250909562185846924e-01
3.083912062196311754e-01
2.893679602947494822e-01
2.682152693616495220e-01
2.451613216123636751e-01
2.204611316528162779e-01
1.943907781634636178e-01
1.672386396103744399e-01
1.392966011259958448e-01
1.108532689196082832e-01
8.218406101971352518e-02
5.354732327328846214e-02
2.517612845324537427e-02
-2.723608213939195111e-03
-2.997620554504482060e-02
-5.643599553184287798e-02
-8.198692806422563928e-02
-1.065394400063634367e-01
-1.300262299976722991e-01
-1.523977719435310463e-01
-1.736173747102062459e-01
-1.936550087780845586e-01
-2.124816977824323383e-01
-2.300651820961104321e-01
-2.463657745386076403e-01
-2.613320368921602799e-01
-2.748994292431949926e-01
-2.869890190251321305e-01
-2.975082098752223625e-01
-3.063521718156154150e-01
-3.134065226270588145e-01
-3.185517840729877870e-01
-3.216681885272212327e-01
-3.226412725547853633e-01
-3.213681556738432477e-01
-3.177644969804996888e-01
-3.117688267834934357e-01
-3.033499743365493106e-01
-2.925113618250906877e-01
-2.792931839480253253e-01
-2.637768901641729391e-01
-2.460833909487847859e-01
-2.263729461313326308e-01
-2.048422159291462263e-01
-1.817195647388321345e-01
-1.572584102172772946e-01
-1.317303826732601491e-01
-1.054181240929518842e-01
-7.860569061360531129e-02
-5.157137770696516160e-02
-2.458051439431513385e-02
2.121961122114192355e-03
2.831567230755285131e-02
5.380919952282453567e-02
7.844110340103972734e-02
1.020807920796802937e-01
1.246273357567994344e-01
1.460058825114790848e-01
1.661644683935690481e-01
1.850687647634606248e-01
2.026976828824213206e-01
2.190367257950144586e-01
2.340742612718470783e-01
2.477952435647478024e-01
2.601785137598459086e-01
2.711925831837940226e-01
2.807940284735312431e-01
2.889263635373196526e-01
2.955210410701893387e-01
3.004983101318864924e-01
3.037699653116315845e-01
3.052436914316844496e-01
3.048273469118927825e-01
3.024344617007565517e-01
2.979901490812241760e-01
2.914366554499503992e-01
2.827397205169936978e-01
2.718925384612023155e-01
2.589217098516808369e-01
2.438891711823205077e-01
2.268936359063567221e-01
2.080718161293985957e-01
1.875962922762972052e-01
1.656714996494428049e-01
1.425306248398966191e-01
1.184271139590530320e-01
9.362957471007440913e-02
6.841292767114057205e-02
4.305079046149229427e-02
1.780744737836615146e-02
-7.068825160121781220e-03
-3.135156180094062633e-02
-5.484097837242991880e-02
-7.736660267846143246e-02
-9.878904707117161510e-02
-1.189990710519887585e-01
-1.379169202647643755e-01
-1.554882219364605023e-01
-1.716800121480941688e-01
-1.864774967520119453e-01
-1.998764747022820087e-01
-2.118803191223082583e-01
-2.224939025789821334e-01
-2.317196296455940052e-01
-2.395532150386664172e-01
-2.459816129612963920e-01
-2.509808082755631831e-01
-2.545153477806316733e-01
-2.565388528319386685e-01
-2.569960428480322356e-01
-2.558249458496056894e-01
-2.529613187488958248e-01
-2.483424856110210688e-01
-2.419133558630469083e-01
-2.336314978282875154e-01
-2.234716940071074798e-01
-2.114328770874152608e-01
-1.975404235460347380e-01
-1.818520307424126292e-01
-1.644584372283052764e-01
-1.454850259237588928e-01
-1.250910294117212607e-01
-1.034675343719852064e-01
-8.083243616313821878e-02
-5.742737364883102047e-02
-3.350875500424048414e-02
-9.342435786317285218e-03
1.480539116325827950e-02
3.867441871630992317e-02
6.201845142157018376e-02
8.461108162672795197e-02
1.062515267999417645e-01
1.267673815653519720e-01
1.460171857915130433e-01
1.638909924565402076e-01
1.803091527383360315e-01
1.952199907958751257e-01
2.085962947573248016e-01
2.204308440100238853e-01
2.307319934895142588e-01
2.395178635301570547e-01
2.468116624809013615e-01
2.526374619768476104e-01
2.570150731410748568e-01
2.599579860040665547e-01
2.614703797368167493e-01
2.615461921755338204e-01
2.601686579400694921e-01
2.573115694612601034e-01
2.529416147753966171e-01
2.470211111536987636e-01
2.395121812051694554e-01
2.303808718297067626e-01
2.196030712650314798e-01
2.071684945541450995e-01
1.930868479988670505e-01
1.773919337275075836e-01
1.601453169586219694e-01
1.414390300710157422e-01
1.213975350613453325e-01
1.001770401841806102e-01
7.796439489392584243e-02
5.497307474523452364e-02
3.143948361493539845e-02
7.616400655181442686e-03
-1.623382025931891307e-02
-3.984670851172120859e-02
-6.296325431175156528e-02
-8.533721449535131010e-02
-1.067419393176334552e-01
-1.269755542217997357e-01
-1.458653608713670613e-01
-1.632706726091239513e-01
-1.790835276058424241e-01
-1.932284296457569273e-01
-2.056603339688506393e-01
-2.163614575556641051e-01
-2.253371065090889469e-01
-2.326108627385855832e-01
-2.382193414582101931e-01
-2.422069884946809748e-01
-2.446210678411348538e-01
-2.455071796352253366e-01
-2.449055261104718384e-01
-2.428480473056860434e-01
-2.393566308249530372e-01
-2.344424025555039426e-01
