-5.960464483090177623e-09
4.962600122342675224e-04
1.298954653326189757e-03
2.269138982746693456e-03
3.196173684105740875e-03
4.079399759812640802e-03
5.005674534955040222e-03
5.993540999012614279e-03
6.997857320580669338e-03
7.940017158195811220e-03
8.713053249396585098e-03
9.209468514912777515e-03
9.374806819482550679e-03
9.232292054501267664e-03
8.851854439395345775e-03
8.298497625607637040e-03
7.605965576143680629e-03
6.787613070489306732e-03
5.860532313764987844e-03
4.857061294135989193e-03
3.817339664249186360e-03
2.772003943212697497e-03
1.729697869335133920e-03
6.737119336411856452e-04
-4.295101679417379081e-04
-1.615954230352018017e-03
-2.914600325633981415e-03
-4.336742020023265365e-03
-5.879911210506794106e-03
-7.531613683995019848e-03
-9.275682056876746739e-03
-1.109856973057027352e-02
-1.299113452778576094e-02
-1.494506223422838176e-02
-1.694956237368204846e-02
-1.898645431675043821e-02
-2.102728695120477387e-02
-2.303391091769438348e-02
-2.496425778707060672e-02
-2.677222387146757643e-02
-2.841583424591551110e-02
-2.985289518525047203e-02
-3.104390504862347688e-02
-3.194808490623934905e-02
-3.252401521188535982e-02
-3.273343896655428464e-02
-3.254612256497085854e-02
-3.194734326974468797e-02
-3.094194906445169035e-02
-2.955746824809107887e-02
-2.784027813692513398e-02
-2.585299996728485095e-02
-2.366397422454197264e-02
-2.134058892642348715e-02
-1.894481406383413669e-02
-1.652803425514992597e-02
-1.412880998876431260e-02
-1.177406954067855560e-02
-9.478281297510215975e-03
-7.247187402773858089e-03
-5.076661836380669257e-03
-2.954751965540680647e-03
-8.628519375513676870e-04
1.223895235383520852e-03
3.335600236224145476e-03
5.503987227511164537e-03
7.762397103610763072e-03
1.014233622502136445e-02
1.267060351330179246e-02
1.536677488029852823e-02
1.824104526291672745e-02
2.129125894962739796e-02
2.450316619769971754e-02
2.784699844217835424e-02
3.128081261659021450e-02
3.474853106691237759e-02
3.818406003010355043e-02
4.151358884019311357e-02
4.465852237042899908e-02
4.754089635818495307e-02
5.008451183852530297e-02
5.222074530786052771e-02
5.389137722071379866e-02
5.504805496438808232e-02
5.565837272084667164e-02
5.570012351929898298e-02
5.516655913165546821e-02
5.406336979544212884e-02
5.240742468893205830e-02
5.022808491300029266e-02
4.756365310915983136e-02
4.446255223207296048e-02
4.098230097364669033e-02
3.718601377768604443e-02
3.314320951790972192e-02
2.892538551699092020e-02
2.460370758539698333e-02
2.024507938448044664e-02
1.590845671376239778e-02
1.164037747842000536e-02
7.472796374367318695e-03
3.418107924565760847e-03
-5.290177499256421001e-04
-4.392737435692684045e-03
-8.214876152328354220e-03
-1.204832688112422723e-02
-1.595355450454158386e-02
-1.999227901729655477e-02
-2.421966528414812303e-02
-2.867900777030890636e-02
-3.339642206718983208e-02
-3.837583172990172153e-02
-4.359840573699902411e-02
-4.902047571606964194e-02
-5.457548712382978562e-02
-6.017534720170780727e-02
-6.571411694926530822e-02
-7.107328928568187876e-02
-7.612227096925056058e-02
-8.072652158366425135e-02
-8.475105454373554892e-02
-8.806431442219347927e-02
-9.054862538088781498e-02
-9.210070415276394584e-02
-9.264018895428510758e-02
-9.211432070509328884e-02
-9.050032641717004056e-02
-8.781014532688524721e-02
-8.408755982857174516e-02
-7.940969623702959224e-02
-7.388401310386044640e-02
-6.764288168886573027e-02
-6.084050258676659828e-02
-5.364014038658254657e-02
-4.620756605319326082e-02
-3.869710590214303636e-02
-3.124001280583255102e-02
-2.393537658385225253e-02
-1.684195066926724715e-02
-9.980249866969215233e-03
-3.333407227839257914e-03
3.143629796423907941e-03
9.513818040950472454e-03
1.584684790240564745e-02
2.221325536654794597e-02
2.867504529167941296e-02
3.528128319420542613e-02
4.206918382729926686e-02
4.905634894480268016e-02
5.624206255120459130e-02
6.360757238135081315e-02
7.111460059989381521e-02
7.871117387329140680e-02
8.633452468720997919e-02
9.391786867404516848e-02
1.013963265345159126e-01
1.087096215067684252e-01
1.158044226997717030e-01
1.226271338101048991e-01
1.291194777404078287e-01
1.352088144727200958e-01
1.407999053726336491e-01
1.457740021728071711e-01
1.499863106116592903e-01
1.532766351498636714e-01
1.554802064359266378e-01
1.564452519758068871e-01
1.560471159247135975e-01
1.542043253471632180e-01
1.508862686034653788e-01
1.461182922720837274e-01
1.399793483276651207e-01
1.325920307643791984e-01
1.241143071214830806e-01
1.147227589906424372e-01
1.046015532966350636e-01
9.392898275098954253e-02
8.286649508909443851e-02
7.155309679697197112e-02
6.009872846538844016e-02
4.858507420063645776e-02
3.706220629586376436e-02
2.555424680948503724e-02
1.405995301598483849e-02
2.558431182333786857e-03
-8.985833697622513938e-03
-2.061874525684592729e-02
-3.238995534214345051e-02
-4.434774850395895029e-02
-5.653428012147532211e-02
-6.898035296147012052e-02
-8.170153134558778840e-02
-9.469405906214767299e-02
-1.079322450368165320e-01
-1.213678613220859764e-01
-1.349280197675166437e-01
-1.485188087335591878e-01
-1.620233519121200005e-01
-1.753078084760064936e-01
-1.882245608843490237e-01
-2.006166815206389398e-01
-2.123234103532305461e-01
-2.231856563696185125e-01
-2.330520297612470038e-01
-2.417820573752221813e-01
-2.492519656147268448e-01
-2.553584953597253793e-01
-2.600184753152641193e-01
-2.631729209000012171e-01
-2.647854814829500025e-01
-2.648417037953904596e-01
-2.633472737582873702e-01
-2.603245351888388015e-01
-2.558116724962302690e-01
-2.498555076976027856e-01
-2.425118125040269801e-01
-2.338394344777854350e-01
-2.238971027512763334e-01
-2.127419366555267644e-01
-2.004247941928008481e-01
-1.869897070158477725e-01
-1.724716269744490660e-01
-1.568961702758071564e-01
-1.402783616612272577e-01
-1.226253020987364550e-01
-1.039340658122361871e-01
-8.419875569864221365e-02
-6.340917977664439764e-02
-4.155648751530011120e-02
-1.863802642820808209e-02
5.340500806486875307e-03
3.035620454523024758e-02
5.636858053200570484e-02
8.331314737416553595e-02
1.110956611150773488e-01
1.395942182313440472e-01
1.686519426664031818e-01
1.980822446993147079e-01
2.276673111747924694e-01
2.571599667591235594e-01
2.862906302198182651e-01
3.147717375827781550e-01
3.423032902699008617e-01
3.685820895709395195e-01
3.933064589912690368e-01
4.161878668405255555e-01
4.369527828613558595e-01
4.553543756770222495e-01
4.711733876904423135e-01
4.842254134509601515e-01
4.943625477339542718e-01
5.014753061290341263e-01
5.054932835265466551e-01
5.063832000302408431e-01
5.041486137941617596e-01
4.988257323529099452e-01
4.904795574471152442e-01
4.792010291916480869e-01
4.651007275091108006e-01
4.483053111085488207e-01
4.289522526846195616e-01
4.071848707583559657e-01
3.831497654242377870e-01
3.569925476428916777e-01
3.288553697418961641e-01
2.988759753024364252e-01
2.671863809712381466e-01
2.339141329367853683e-01
1.991840919184856840e-01
1.631197005057133387e-01
1.258468558558030193e-01
8.749890023209400125e-02
4.821690883649362713e-02
8.157658030619803491e-03
-3.250600771375220660e-02
-7.358145761624110270e-02
-1.148546247743548188e-01
-1.560896059732816976e-01
-1.970301879551577540e-01
-2.374007189013788433e-01
-2.769119311835621655e-01
-3.152626881214378174e-01
-3.521487243344334495e-01
-3.872658123131998420e-01
-4.203194209803499670e-01
-4.510278957190459459e-01
-4.791308133676589476e-01
-5.043932343616601699e-01
-5.266109678609456335e-01
-5.456126304338609900e-01
-5.612632026947644848e-01
-5.734642641762016657e-01
-5.821550111420078499e-01
-5.873093679372832776e-01
-5.889363357257805243e-01
-5.870750352753837387e-01
-5.817924688812454725e-01
-5.731798853034648644e-01
-5.613470996637514032e-01
-5.464200756210225718e-01
-5.285363477937481402e-01
-5.078404878164082259e-01
-4.844812123298429252e-01
-4.586090927498890912e-01
-4.303737938000639640e-01
-3.999233312319148137e-01
-3.674029110636350404e-01
-3.329572613171173923e-01
-2.967306177039756854e-01
-2.588682809988445133e-01
-2.195209014291439331e-01
-1.788478465345751667e-01
-1.370185256729345158e-01
-9.421596353428147996e-02
-5.064168698255255840e-02
-6.515044209523673802e-03
3.792511454659317632e-02
8.241952386364326255e-02
1.266918565615517966e-01
1.704487179419915677e-01
2.133861960116595347e-01
2.551916897236193305e-01
2.955521760386931596e-01
3.341576676079285879e-01
3.707083818748084236e-01
4.049200841409391627e-01
4.365300868789030453e-01
4.653010931793495342e-01
4.910254018264765818e-01
5.135275378286604520e-01
5.326658541859907725e-01
5.483333023813203866e-01
5.604568847093680528e-01
5.689976491863165675e-01
5.739465847401667986e-01
5.753238462547826115e-01
5.731751339076722740e-01
5.675676565698050124e-01
5.585888144103872133e-01
5.463398853705484504e-01
5.309348796607912258e-01
5.124962351875651523e-01
4.911540360821694540e-01
4.670413605199433826e-01
4.402951456055334001e-01
4.110545276267226766e-01
3.794603795374401067e-01
3.456574750375805971e-01
3.097948033980073568e-01
2.720276246648483109e-01
2.325193357039660735e-01
1.914459157912620779e-01
1.489957033076141357e-01
1.053741483488839503e-01
6.080410851671223804e-02
1.552661754625082879e-02
-3.019772787903358957e-02
-7.608996749019275585e-02
-1.218570634801544456e-01
-1.671912945561341290e-01
-2.117772413209020599e-01
-2.552952156001563333e-01
-2.974269921557900487e-01
-3.378601965494218429e-01
-3.762956298398101862e-01
-4.124506839291335325e-01
-4.460648033476151686e-01
-4.769024352122940846e-01
-5.047566405794375877e-01
-5.294511741205554234e-01
-5.508404460307311235e-01
-5.688109612124312431e-01
-5.832796981487600174e-01
-5.941935845100067004e-01
-6.015263848994637508e-01
-6.052775726950172519e-01
-6.054697272434995670e-01
-6.021441346889260249e-01
-5.953603270255416469e-01
-5.851920383526043601e-01
-5.717245896615938960e-01
-5.550543920370831774e-01
-5.352858846648753666e-01
-5.125311040828558484e-01
-4.869083584107469775e-01
-4.585431288887177326e-01
-4.275680906803950299e-01
-3.941238897636282768e-01
-3.583604689578037683e-01
-3.204403806614858352e-01
-2.805379777872428204e-01
-2.388444228920809931e-01
-1.955667668485931432e-01
-1.509304152112879716e-01
-1.051802672123971771e-01
-5.857954553037172940e-02
-1.140903315166791679e-02
3.603389594060054518e-02
8.343930399429799749e-02
1.304876537553088245e-01
1.768548532884579583e-01
2.222158695645170823e-01
2.662510610114113829e-01
3.086505608202165796e-01
3.491182808604960663e-01
3.873775366727998382e-01
4.231738734128197565e-01
4.562772321051168922e-01
4.864851557985292452e-01
5.136221921687271763e-01
5.375424213026148701e-01
5.581267430158849407e-01
5.752829137936567028e-01
5.889439124770639022e-01
5.990667081693729079e-01
6.056290371992240074e-01
6.086276557219321148e-01
6.080773648113368957e-01
6.040073090899316099e-01
5.964612038790405579e-01
5.854940528835927971e-01
5.711730363055755877e-01
5.535753443866207046e-01
5.327884614688529474e-01
5.089108802482960048e-01
4.820523890616560947e-01
4.523349648058817563e-01
4.198941952689518864e-01
3.848805293415931139e-01
3.474614257439462839e-01
3.078226891034776536e-01
2.661684788135330604e-01
2.227242216618892656e-01
1.777346624072082548e-01
1.314647704434641073e-01
8.419773613759780340e-02
3.623325666521171051e-02
-1.211572814116845809e-02
-6.052658451861633176e-02
-1.086714565052643300e-01
-1.562211185371281952e-01
-2.028502003736716852e-01
-2.482424251422053474e-01
-2.920937388942402291e-01
-3.341174599553798918e-01
-3.740458872842030158e-01
-4.116337858046224540e-01
-4.466600142993089606e-01
-4.789280067163091403e-01
-5.082661408631926614e-01
-5.345267780330649199e-01
-5.575861217570831085e-01
-5.773420492723099207e-01
-5.937130451458177971e-01
-6.066364369095927911e-01
-6.160667958906496100e-01
-6.219744577584336298e-01
-6.243442533702511232e-01
-6.231745225468893201e-01
-6.184764402021937224e-01
-6.102738173600507077e-01
-5.986025477893925917e-01
-5.835123224479397130e-01
-5.650657037162779561e-01
-5.433405975231766494e-01
-5.184304627987250669e-01
-4.904467022842762258e-01
-4.595192026662375251e-01
-4.257987093150819025e-01
-3.894572088211979422e-01
-3.506892663913246388e-01
-3.097121580820906273e-01
-2.667661005936499685e-01
-2.221125473192198663e-01
-1.760329531988770735e-01
-1.288261208245296829e-01
-8.080466795266540159e-02
-3.229216154923182647e-02
1.638269354711072850e-02
6.488969835000391040e-02
1.129020222006962698e-01
1.601006816114789177e-01
2.061785824059085837e-01
2.508439942753557528e-01
2.938233356620235104e-01
3.348631601595578600e-01
3.737313606644595554e-01
4.102177467948764922e-01
4.441333598080785539e-01
4.753104458014890121e-01
5.036008405287021317e-01
5.288747324190353760e-01
5.510191624117412035e-01
5.699366213466139364e-01
5.855437615350600478e-01
5.977703680522571394e-01
6.065586427821707538e-01
6.118628326514906624e-01
6.136492451058397357e-01
6.118966289603448017e-01
