0.000000000000000000e+00
9.727993407244728274e-04
2.174015885246571855e-03
2.866542671537852804e-03
2.820474021138386078e-03
2.239701135742344640e-03
1.436217970072095618e-03
5.715004330837381019e-04
-3.812854072313687226e-04
-1.562247533689609114e-03
-3.124388462331761929e-03
-5.138794724403483727e-03
-7.544512826907989744e-03
-1.018237678465905294e-02
-1.288533070341846276e-02
-1.556433765961273696e-02
-1.823047769932334417e-02
-2.095226812727096766e-02
-2.378825581606602846e-02
-2.674143779285959033e-02
-2.975423734411325460e-02
-3.273599515350547606e-02
-3.559684414327662916e-02
-3.827151298919090339e-02
-4.072246620076702683e-02
-4.292950856128476683e-02
-4.487600640478514591e-02
-4.653632784946267614e-02
-4.787617752857503683e-02
-4.885594025612580160e-02
-4.943706152987339952e-02
-4.958915259550283894e-02
-4.929200793723362284e-02
-4.853341942653899288e-02
-4.730729602795497035e-02
-4.560943969461206393e-02
-4.343738743352987264e-02
-4.079279996688506271e-02
-3.768667564355299149e-02
-3.413599641178488575e-02
-3.016677511475474027e-02
-2.580368387249820650e-02
-2.106896778894151723e-02
-1.597540489523929796e-02
-1.053016588581989765e-02
-4.742785022153195307e-03
1.366782670272903566e-03
7.755330829295581374e-03
1.435472975494911374e-02
2.107135559114636791e-02
2.779827131181344946e-02
3.442458649218976818e-02
4.085099985317736104e-02
4.700147588425129808e-02
5.282633941462866467e-02
5.830353898216811270e-02
6.343406155716230232e-02
6.823274472538892743e-02
7.271962182889962767e-02
7.691187579123226481e-02
8.081803074508964180e-02
8.443410323574135345e-02
8.774327724525471384e-02
9.071624502093361686e-02
9.331602567824337502e-02
9.549847053359472593e-02
9.721772851576221397e-02
9.842916200401383153e-02
9.909190971723752517e-02
9.917035983137789668e-02
9.863732137259159649e-02
9.746989571825159793e-02
9.565601145095811719e-02
9.318602991968516491e-02
9.005874537319613626e-02
8.627557701012417146e-02
8.184252633497274276e-02
7.677068896782257568e-02
7.107618440126356463e-02
6.478173029990247356e-02
5.791740106291176637e-02
5.052312863420954647e-02
4.264823840661668974e-02
3.435186119198152532e-02
2.570338121865328729e-02
1.677691155699623238e-02
7.653069957997193917e-03
-1.586145450814258062e-03
-1.086041914131163910e-02
-2.009242725904170079e-02
-2.921063019549469120e-02
-3.815081801693931407e-02
-4.685435190598208344e-02
-5.526995006929019683e-02
-6.335215532759391754e-02
-7.106079470800802378e-02
-7.836054478513471144e-02
-8.522167833031946138e-02
-9.161974134494377253e-02
-9.753722419942545407e-02
-1.029632096994246848e-01
-1.078961980718713964e-01
-1.123412094744816181e-01
-1.163087031142502614e-01
-1.198143955443058128e-01
-1.228708774714312862e-01
-1.254858606492953166e-01
-1.276567879498739511e-01
-1.293641819761144618e-01
-1.305708234288298075e-01
-1.312186708325919771e-01
-1.312311762577809404e-01
-1.305179984535204951e-01
-1.289787191968483904e-01
-1.265134165877976613e-01
-1.230306053032292901e-01
-1.184562549068131632e-01
-1.127436951697644574e-01
-1.058772838372985525e-01
-9.787763177845498763e-02
-8.880285118855196780e-02
-7.874466152668613272e-02
-6.782650963068193040e-02
-5.619211046844230228e-02
-4.399745721031533829e-02
-3.139964880174556106e-02
-1.854436335267029001e-02
-5.559243968858429419e-03
7.455924401036539972e-03
2.042943613751019294e-02
3.331473464234785409e-02
4.608472237315575093e-02
5.872062550149403926e-02
7.120246331592899880e-02
8.350081672115200471e-02
9.557116296240875108e-02
1.073540939438820674e-01
1.187789767796705309e-01
1.297683940345222831e-01
1.402424391484557997e-01
1.501252260951201900e-01
1.593459631932210574e-01
1.678402277860936709e-01
1.755495431231189063e-01
1.824216695446000402e-01
1.884108777697816595e-01
1.934762072269439193e-01
1.975848878945869191e-01
2.007051164951703104e-01
2.028069347436827208e-01
2.038587112575588889e-01
2.038255336033601983e-01
2.026720533586382489e-01
2.003624172170729301e-01
1.968688560938622878e-01
1.921767891452997312e-01
1.862900140976180285e-01
1.792373147666137534e-01
1.710672152809475377e-01
1.618484750117256676e-01
1.516610947723605607e-01
1.405883875044642295e-01
1.287134820776277278e-01
1.161099438168528564e-01
1.028442474695538400e-01
8.897621011451867234e-02
7.456678359288293478e-02
5.967890382128993032e-02
4.438770166378847026e-02
2.877924434049222713e-02
1.295421855407230538e-02
-2.976910063759719005e-03
-1.889837066114263830e-02
-3.469476079464223206e-02
-5.025864941268592956e-02
-6.549466391402047893e-02
-8.032516989734561630e-02
-9.469229712413562705e-02
-1.085569550320797938e-01
-1.218988959864967248e-01
-1.347113971356651008e-01
-1.470000779312709838e-01
-1.587737945470558965e-01
-1.700415566852376548e-01
-1.808075335836517861e-01
-1.910643098716715560e-01
-2.007903628744324154e-01
-2.099457401245976851e-01
-2.184705317877559116e-01
-2.262861802540661604e-01
-2.332951632180235435e-01
-2.393846500170799252e-01
-2.444316314260697731e-01
-2.483075775744275626e-01
-2.508860854519970873e-01
-2.520483287990765153e-01
-2.516944562777178040e-01
-2.497430481248256728e-01
-2.461435661972803390e-01
-2.408772268429956731e-01
-2.339603685255191023e-01
-2.254466320993730455e-01
-2.154241369002426465e-01
-2.040140425693310333e-01
-1.913646761046803868e-01
-1.776463020206399679e-01
-1.630442647189825900e-01
-1.477487183218193501e-01
-1.319489288051055587e-01
-1.158235306307239254e-01
-9.953493636065879890e-02
-8.322103673422298620e-02
-6.699303305861759039e-02
-5.093114498473283458e-02
-3.508324619208913475e-02
-1.946807497935304498e-02
-4.074761643313662418e-03
1.113177863607073270e-02
2.620516009479734176e-02
4.121168477897318994e-02
5.622576803777987187e-02
7.131993522078369785e-02
8.656235889345162415e-02
1.020081019850779813e-01
1.176956385892391627e-01
1.336434202956147677e-01
1.498455950214367671e-01
1.662713027530101917e-01
1.828661336147345273e-01
1.995486382782048207e-01
2.162172199099764991e-01
2.327483381835598886e-01
2.490033990759761839e-01
2.648320709305630460e-01
2.800734022180947358e-01
2.945654638059264085e-01
3.081454466429395245e-01
3.206558351262293050e-01
3.319489104427041370e-01
3.418861593448667691e-01
3.503460483303384998e-01
3.572214723642919698e-01
3.624237669500104397e-01
3.658812712900822439e-01
3.675397477588868700e-01
3.673631858035266706e-01
3.653290558033806534e-01
3.614306514988723795e-01
3.556732645732341158e-01
3.480725522584793286e-01
3.386538406298209569e-01
3.274497194654413801e-01
3.144998332149668840e-01
2.998492174922071096e-01
2.835490822334364447e-01
2.656555740695674683e-01
2.462305385190702300e-01
2.253430972504831820e-01
2.030686930793716982e-01
1.794923663098561550e-01
1.547082969720190160e-01
1.288212923323160120e-01
1.019485060119280639e-01
7.421950098179952438e-02
4.577634591404677877e-02
1.677489382974722831e-02
-1.261703538742500741e-02
-4.221949811600131386e-02
-7.184202312973539395e-02
-1.012861174992112090e-01
-1.303470252528071416e-01
-1.588164812420392591e-01
-1.864859450600667989e-01
-2.131496318397179679e-01
-2.386081028425553752e-01
-2.626711052091906806e-01
-2.851614974263513291e-01
-3.059172561507247368e-01
-3.247942932454560561e-01
-3.416682583513155902e-01
-3.564358297748541071e-01
-3.690156401853443846e-01
-3.793480163502822577e-01
-3.873945429502783089e-01
-3.931375557578971058e-01
-3.965775690241241658e-01
-3.977320752919566993e-01
-3.966334092736092942e-01
-3.933263959892535633e-01
-3.878661460926046689e-01
-3.803159508587820037e-01
-3.707456674199934854e-01
-3.592306193434204875e-01
-3.458495822601727610e-01
-3.306850348017342789e-01
-3.138229433618175412e-01
-2.953518723788296496e-01
-2.753656039325855232e-01
-2.539613958995505794e-01
-2.312430281985353442e-01
-2.073214519794853439e-01
-1.823149096777255396e-01
-1.563519353837906356e-01
-1.295698633658955989e-01
-1.021174690503001137e-01
-7.415365838491656814e-02
-4.584781046470221694e-02
-1.738019758985794028e-02
1.106161860079952000e-02
3.928281805020479578e-02
6.708377484635644206e-02
9.426268033629990606e-02
1.206181819496910390e-01
1.459534406952625041e-01
1.700777825872782367e-01
1.928113105095674573e-01
2.139874472640471981e-01
2.334544709366716264e-01
2.510803550342474710e-01
2.667521957745373484e-01
2.803787127589180139e-01
2.918903377758160222e-01
3.012399141587460139e-01
3.084012615215579456e-01
3.133683680330264787e-01
3.161539019294051789e-01
3.167866324813432555e-01
3.153105077106242993e-01
3.117811020572069935e-01
3.062635916748389087e-01
2.988313179980359169e-01
2.895635500730187606e-01
2.785431342499735674e-01
2.658571993944036094e-01
2.515943336364012684e-01
2.358458948584932213e-01
2.187053742132034628e-01
2.002685957511022019e-01
1.806357552856651116e-01
1.599098456216430375e-01
1.382004525904967918e-01
1.156232757148162732e-01
9.230148248004771405e-02
6.836647109527406452e-02
4.395836658003005742e-02
1.922659407821771319e-02
-5.670547430495935515e-03
-3.056706461060646612e-02
-5.528901190066309174e-02
-7.965786207961997323e-02
-1.034906298356532278e-01
-1.266040787691115610e-01
-1.488160829508775873e-01
-1.699495301332937802e-01
-1.898342935335227410e-01
-2.083118600678767751e-01
-2.252366963528098232e-01
-2.404789321131592938e-01
-2.539281347636284103e-01
-2.654925813950746449e-01
-2.751021294299190734e-01
-2.827079781153000737e-01
-2.882829364050815135e-01
-2.918198530696179960e-01
-2.933311905100280947e-01
-2.928471406536549138e-01
-2.904132375673360578e-01
-2.860887132283389533e-01
-2.799432228378472831e-01
-2.720559446430515504e-01
-2.625119685988253071e-01
-2.514018017223380030e-01
-2.388185236987976912e-01
-2.248576364463003574e-01
-2.096160713562259248e-01
-1.931915395124504109e-01
-1.756827945899347709e-01
-1.571898784004526206e-01
-1.378149350403339302e-01
-1.176627473746473945e-01
-9.684228228326709209e-02
-7.546652408530567235e-02
-5.365468208007700968e-02
-3.153232766686525634e-02
-9.231398119124548801e-03
1.310839027759585357e-02
3.534149113210181825e-02
5.731562629313172175e-02
7.887341067947245543e-02
9.985388143383218396e-02
1.200955154489685567e-01
1.394359063070590155e-01
1.577170291276613623e-01
1.747868142673706660e-01
1.905018594959829448e-01
2.047303875357464609e-01
2.173552521045829244e-01
2.282755049264380554e-01
2.374088615750991893e-01
2.446926382416131363e-01
2.500849019073357882e-01
2.535643094896001815e-01
2.551298217725052608e-01
2.548004058342118738e-01
2.526120395102419147e-01
2.486175977612603005e-01
2.428835378458567007e-01
2.354880227787011504e-01
2.265192510274920690e-01
2.160715355212391997e-01
2.042448372412795643e-01
1.911423723955006371e-01
1.768688434989335312e-01
1.615300575852653131e-01
1.452314511132891395e-01
1.280783042833935348e-01
1.101754796084573884e-01
9.162800507802813799e-02
7.254148403498328346e-02
5.302303733165932009e-02
3.318161446665197911e-02
1.312985630892995331e-02
-7.015974121833259969e-03
-2.713570088098486710e-02
-4.710340336187718302e-02
-6.678899671485771794e-02
-8.605756151679744281e-02
-1.047707407734987800e-01
-1.227875338715790354e-01
-1.399659138269815639e-01
-1.561645165346479958e-01
-1.712452206594619608e-01
-1.850758493447517694e-01
-1.975316777138858837e-01
-2.084995162019161186e-01
-2.178790006947888269e-01
-2.255850235120961389e-01
-2.315505218892573436e-01
-2.357267421588413181e-01
-2.380848995301788618e-01
-2.386164717406286107e-01
-2.373325216281286509e-01
-2.342638189859358178e-01
-2.294584738205396324e-01
-2.229810694137066562e-01
-2.149105485411355043e-01
-2.053367541896191084e-01
-1.943602218963820238e-01
-1.820879213217827253e-01
-1.686320022830815335e-01
-1.541073929249970054e-01
-1.386305253277836380e-01
-1.223175832004505664e-01
-1.052837216442272100e-01
-8.764279295730809105e-02
-6.950636656261344193e-02
-5.098450563494083543e-02
-3.218629100769973550e-02
-1.321971434874718090e-02
5.806865292284532978e-03
2.478428065076275499e-02
4.360203913583869662e-02
6.214702720780686251e-02
8.030342036500440206e-02
9.795274773532861023e-02
1.149737999899274887e-01
1.312427801262582572e-01
1.466350396729988459e-01
1.610255289573601090e-01
1.742906852279065000e-01
1.863112430487181836e-01
1.969730115434731033e-01
2.061700954920539508e-01
2.138075584761181536e-01
2.198029579780817477e-01
2.240894226527509470e-01
2.266169390320884325e-01
2.273538226616775293e-01
2.262881951241439427e-01
2.234280111552330583e-01
2.188010369693402235e-01
2.124541766096477990e-01
2.044522354646475248e-01
1.948762345408858454e-01
1.838214297846232914e-01
1.713947439316367560e-01
1.577126754498254513e-01
1.428985881987501760e-01
1.270803770925416354e-01
1.103882891458871640e-01
9.295301206114685300e-02
7.490411750130140933e-02
5.636886215035877279e-02
3.747141063595314792e-02
1.833243403404500108e-02
-9.309307078473967514e-04
-2.020469255790588795e-02
-3.937795439900732691e-02
-5.834150318200514301e-02
-7.698749644065094877e-02
