1.192092896618035525e-08
-2.135852045058173054e-04
-7.870104013467660309e-04
-1.472500176998181587e-03
-2.068442269947012857e-03
-2.444368350100090126e-03
-2.550207259569503560e-03
-2.401121313471282770e-03
-2.031745011399799239e-03
-1.467734876172077652e-03
-7.301661604506154424e-04
1.482310241995438149e-04
1.117408048017458355e-03
2.118010269229853720e-03
3.100222783942202520e-03
4.035014075547703472e-03
4.914701616090658143e-03
5.740534343590536492e-03
6.511580831225799448e-03
7.223819917148543990e-03
7.877239170221622677e-03
8.487412544693512251e-03
9.086340620900551501e-03
9.715676415487012330e-03
1.041070360213613988e-02
1.118613635153753449e-02
1.202715601766701781e-02
1.288994437028129214e-02
1.371080530337864811e-02
1.441911647977939248e-02
1.495333662814585240e-02
1.526938284888479380e-02
1.534668855499099482e-02
1.518567776118956436e-02
1.479899461624251122e-02
1.420208328496186390e-02
1.340392409452029199e-02
1.240293770656564210e-02
1.118704018630012342e-02
9.738493364401801244e-03
8.041872364430768805e-03
6.089428169060828733e-03
3.886129948189598338e-03
1.449723349613685208e-03
-1.190244528584044614e-03
-3.995640522340582201e-03
-6.925353673689321754e-03
-9.937520122149240409e-03
-1.299349863745388745e-02
-1.605824579548137399e-02
-1.910084366544220758e-02
-2.209242932386296793e-02
-2.500470558854251540e-02
-2.780771543960785727e-02
-3.046906376308462783e-02
-3.295246639769477959e-02
-3.522009765120945324e-02
-3.723489980536381916e-02
-3.896211454134690388e-02
-4.037429775990622471e-02
-4.145304554538814523e-02
-4.219011402036876301e-02
-4.258878865189186236e-02
-4.266163489613283843e-02
-4.242904791965934619e-02
-4.191579057749716952e-02
-4.114666195314575781e-02
-4.014510030918355676e-02
-3.892863481532626846e-02
-3.750842450875740974e-02
-3.588769507223837918e-02
-3.406219213511096910e-02
-3.202183602674801843e-02
-2.975105683221762609e-02
-2.723245843274385569e-02
-2.444718891436320485e-02
-2.137892635112342843e-02
-1.801431640641171228e-02
-1.434640748915239072e-02
-1.037466780245288600e-02
-6.109174954856133599e-03
-1.568584731566624590e-03
3.217591932073160521e-03
8.208134205539785455e-03
1.335271618898353774e-02
1.859087543638132667e-02
2.385540403136771070e-02
2.907409658810072850e-02
3.417237315408214182e-02
3.907707325804507525e-02
4.371782596176711222e-02
4.803188704442045570e-02
5.196360311241138286e-02
5.546722160175693306e-02
5.850824901033974124e-02
6.106233495385063326e-02
6.311619925481351534e-02
6.466685964965299127e-02
6.572113670138907127e-02
6.629586003273232886e-02
6.641622926773319002e-02
6.611669016169108293e-02
6.543847965795818178e-02
6.442847673101798067e-02
6.313885243686367943e-02
6.162147888816865704e-02
5.992640667163390278e-02
5.809685560689142880e-02
5.616522994665268387e-02
5.414779301356031915e-02
5.204248311181725040e-02
4.982712252962845367e-02
4.745839110065602773e-02
4.487448256275555769e-02
4.200034532909696638e-02
3.875436810751370365e-02
3.505731293511082924e-02
3.084233568576766338e-02
2.606351235498061136e-02
2.070471933975803758e-02
1.478272724314733111e-02
8.348912109007122773e-03
1.484128222551450715e-03
-5.707849818811006060e-03
-1.311253672044865315e-02
-2.061587538085396520e-02
-2.811572233947529087e-02
-3.553071100694751849e-02
-4.280296390684243391e-02
-4.989638147994227002e-02
-5.679143868076647061e-02
-6.347500329805175201e-02
-6.993063188074620518e-02
-7.612818037677873684e-02
-8.201998626579198870e-02
-8.754117432881733385e-02
-9.261484360321496634e-02
-9.716361134927253840e-02
-1.011190156202301516e-01
-1.044327851628586712e-01
-1.070826979285196268e-01
-1.090703897654082266e-01
-1.104160069996885096e-01
-1.111455537781339542e-01
-1.112783882491631959e-01
-1.108176196262160573e-01
-1.097443793536482803e-01
-1.080212374178065593e-01
-1.055994127227932178e-01
-1.024322091962046599e-01
-9.848840692393801000e-02
-9.376277101250873880e-02
-8.828256357681235622e-02
-8.210396020749205492e-02
-7.530546230279094866e-02
-6.797484667147701831e-02
-6.019560817256608409e-02
-5.203391189746686685e-02
-4.353127825928726491e-02
-3.470190836612624397e-02
-2.553605720467283513e-02
-1.600989177929290630e-02
-6.095838000988840211e-03
4.223985165543731046e-03
1.494700495092265990e-02
2.604278141938282110e-02
3.744905080985813650e-02
4.907320558695463242e-02
6.079669033455972760e-02
7.248155378195333953e-02
8.398015875612278858e-02
9.514546850284319457e-02
1.058377413271003042e-01
1.159330991358513974e-01
1.253289826488329650e-01
1.339465022817118156e-01
1.417332205910874499e-01
1.486606753296254579e-01
1.547232040800047559e-01
1.599331804578909833e-01
1.643165241189546155e-01
1.679101303011721891e-01
1.707523048775606012e-01
1.728805393905576970e-01
1.743270459462558097e-01
1.751149335746087776e-01
1.752564674959560809e-01
1.747501629809610213e-01
1.735807711602948000e-01
1.717214449721079506e-01
1.691333147974370954e-01
1.657696906109626389e-01
1.615784248140671453e-01
1.565049292276098347e-01
1.504972732400944868e-01
1.435093082439966028e-01
1.355051407445848066e-01
1.264608766400399653e-01
1.163686986093457887e-01
1.052386453868287552e-01
9.309790320976418787e-02
7.999191678262568272e-02
6.598390080672800195e-02
5.115074815257458773e-02
3.558264632359087187e-02
1.937767373286325423e-02
2.639246707599518516e-03
-1.452745895400323062e-02
-3.201923280141860673e-02
-4.973795180647486158e-02
-6.759143184158136752e-02
-8.549843417732810869e-02
-1.033846290826986453e-01
-1.211866877949940302e-01
-1.388477326964285830e-01
-1.563184917285207476e-01
-1.735527700760777781e-01
-1.905076295086397531e-01
-2.071386532737263808e-01
-2.233973380665595365e-01
-2.392314702376074909e-01
-2.545784971630569160e-01
-2.693688223464010822e-01
-2.835216860624962254e-01
-2.969445473166132388e-01
-3.095356968986847646e-01
-3.211810425793554802e-01
-3.317577123328386279e-01
-3.411354113757670836e-01
-3.491762932790016816e-01
-3.557395848550120587e-01
-3.606825898191455826e-01
-3.638642004028999066e-01
-3.651483457039010894e-01
-3.644059875720166986e-01
-3.615193305304842397e-01
-3.563851679333044364e-01
-3.489174602891917942e-01
-3.390503177991954220e-01
-3.267410284508333596e-01
-3.119710794602412185e-01
-2.947492562858203269e-01
-2.751114456061091174e-01
-2.531212822089572434e-01
-2.288705937778524047e-01
-2.024777379228085428e-01
-1.740866273567797662e-01
-1.438644250891590315e-01
-1.119996300990136473e-01
-7.869891117353058907e-02
-4.418369811603845010e-02
-8.687753005241521942e-03
2.754661756079657131e-02
6.427183416382471759e-02
1.012375364676695727e-01
1.381946893229495654e-01
1.748968615299833496e-01
2.111031293423693000e-01
2.465803344916389916e-01
2.811038147055108793e-01
3.144594969006196949e-01
3.464434927239104511e-01
3.768638756812724422e-01
4.055397964952682788e-01
4.323020790940559910e-01
4.569922906481306280e-01
4.794631687864396308e-01
4.995777367311679540e-01
5.172091228999329271e-01
5.322408386446497719e-01
5.445659433143686945e-01
5.540884809144870360e-01
5.607230817687309798e-01
5.643967262486015990e-01
5.650490366702188849e-01
5.626344218552530307e-01
5.571227567500599553e-01
5.485020998300832451e-01
5.367793169988528401e-01
5.219819532697811404e-01
5.041594968749358863e-01
4.833840898527542174e-01
4.597515795990695375e-01
4.333807956156839891e-01
4.044139912972334328e-01
3.730153223622975633e-01
3.393699372091077415e-01
3.036819691694322421e-01
2.661724846426443136e-01
2.270771858756722716e-01
1.866431396526783137e-01
1.451269515647459762e-01
1.027912045431159799e-01
5.990178150115724881e-02
1.672565716236729810e-02
-2.647189500281499352e-02
-6.942986012847009170e-02
-1.118928713320020696e-01
-1.536130662738801889e-01
-1.943512724111178258e-01
-2.338786522268548052e-01
-2.719764375090863440e-01
-3.084375978643203453e-01
-3.430657128227913022e-01
-3.756760463831840258e-01
-4.060948268950410056e-01
-4.341596338830521762e-01
-4.597188652966183731e-01
-4.826314910273258874e-01
-5.027681048056525936e-01
-5.200095331694581935e-01
-5.342491946493569399e-01
-5.453922935179218445e-01
-5.533574636818073822e-01
-5.580780982653177347e-01
-5.595031874032080355e-01
-5.575992318144284976e-01
-5.523516126986750541e-01
-5.437655851154018505e-01
-5.318686055936776569e-01
-5.167100700186564310e-01
-4.983630923396202839e-01
-4.769245150761896035e-01
-4.525146023550146168e-01
-4.252766526890483512e-01
-3.953763069987532019e-01
-3.629997408041987783e-01
-3.283520335626199937e-01
-2.916553037271102378e-01
-2.531461292416523623e-01
-2.130729355157465199e-01
-1.716937425775734716e-01
-1.292731483515051627e-01
-8.608031499173779411e-02
-4.238578679575308317e-02
1.539687862159806742e-03
4.542837027153710100e-02
8.901685955269419970e-02
1.320470429139249113e-01
1.742684879723920277e-01
2.154387261770555617e-01
2.553239567438043700e-01
2.937004031892447853e-01
3.303539154659163590e-01
3.650805454522552673e-01
3.976868640200300620e-01
4.279898328635938221e-01
4.558175115806227251e-01
4.810088915718058189e-01
5.034140919442124940e-01
5.228956158979845004e-01
5.393289573317299190e-01
5.526027115042453364e-01
5.626208985302857402e-01
5.693033499556530153e-01
5.725877187191132922e-01
5.724301332628407568e-01
5.688076632171050750e-01
5.617187381913345545e-01
5.511842062313128121e-01
5.372491342624753363e-01
5.199821068985213124e-01
4.994757802100198152e-01
4.758469693676086187e-01
4.492354936358493034e-01
4.198032439592359610e-01
3.877323526889576155e-01
3.532241820670687371e-01
3.164964779169652243e-01
2.777815650234206069e-01
2.373238899453326278e-01
1.953776995204240807e-01
1.522047438854111923e-01
1.080717537286481900e-01
6.324855180405661303e-02
1.800581977579445922e-02
-2.738635481841536490e-02
-7.266065101672652959e-02
-1.175533779175527843e-01
-1.618058812342661468e-01
-2.051654618069639335e-01
-2.473866638028063836e-01
-2.882312904764143813e-01
-3.274694170625024325e-01
-3.648796823015220681e-01
-4.002503887590480036e-01
-4.333789803794990125e-01
-4.640737845096717384e-01
-4.921535219001407224e-01
-5.174493218399925931e-01
-5.398044667917537565e-01
-5.590764269438380785e-01
-5.751377206634167294e-01
-5.878766828412290701e-01
-5.972001224296804578e-01
-6.030335301888327670e-01
-6.053230931765191114e-01
-6.040371502674313220e-01
-5.991663982930809373e-01
-5.907258434919270274e-01
-5.787547527420908722e-01
-5.633167976406624478e-01
-5.445000279020550948e-01
-5.224164705652829532e-01
-4.972008838991020530e-01
-4.690100048557186985e-01
-4.380202258380491154e-01
-4.044264893685685647e-01
-3.684402347612124040e-01
-3.302867853865036341e-01
-2.902039043790664574e-01
-2.484393205914605107e-01
-2.052487547881741148e-01
-1.608936845274167582e-01
-1.156400744460555352e-01
-6.975629623589900408e-02
-2.351132586634593902e-02
2.282588785860301811e-02
6.898836589859896895e-02
1.147115629746569554e-01
1.597349686335287899e-01
2.038026337011135114e-01
2.466641703651668016e-01
2.880749778359457669e-01
3.277980189725218652e-01
3.656036923578505071e-01
4.012713184938047628e-01
4.345901475183446827e-01
4.653598157150662940e-01
4.933923498997253576e-01
5.185126211349123659e-01
5.405607964238363650e-01
5.593929118478170315e-01
5.748828738792929327e-01
5.869237398427495922e-01
5.954294601120171393e-01
6.003356963327838303e-01
6.016019218117968359e-01
5.992110158910386453e-01
5.931706802882209528e-01
5.835133435529372692e-01
5.702963834540984989e-01
5.536014210130024704e-01
5.335334766176588195e-01
5.102198307283908330e-01
4.838089057922614344e-01
4.544682842809323331e-01
4.223833852732707950e-01
3.877552927398695837e-01
3.507991212111504220e-01
3.117417392088416284e-01
2.708207075234382866e-01
2.282817589889400423e-01
1.843775481392212756e-01
1.393664937738816056e-01
9.351082055266393689e-02
4.707555015931692843e-02
3.276301373034279374e-04
-4.646560006039973656e-02
-9.303710487105201765e-02
-1.391211654938193099e-01
-1.844541773974512355e-01
-2.287759402479470072e-01
-2.718303935710012498e-01
-3.133668698737163139e-01
-3.531410177170080100e-01
-3.909164524914401362e-01
-4.264655675116375555e-01
-4.595716465143040996e-01
-4.900300030951004193e-01
-5.176498302080831948e-01
-5.422558195112947566e-01
-5.636901237984691670e-01
-5.818136708803897106e-01
-5.965079444800370778e-01
-6.076764248935376811e-01
-6.152456925985582137e-01
-6.191664328732929823e-01
-6.194138129986271890e-01
-6.159881093598609247e-01
-6.089143811113177929e-01
-5.982421450497822368e-01
-5.840445007356208640e-01
-5.664172746560091065e-01
-5.454776973746944257e-01
-5.213627354320305995e-01
-4.942278811722201626e-01
-4.642453127179869132e-01
-4.316022452361720774e-01
-3.964992698882046085e-01
-3.591490561582216801e-01
-3.197747085015411050e-01
-2.786084891757757975e-01
-2.358906028091826979e-01
-1.918680794139731582e-01
-1.467937443289435151e-01
-1.009252526583063192e-01
-5.452417284399138642e-02
-7.855074937341976690e-03
3.881539369830428604e-02
