2.237500101327896118e-01
2.234341502189636230e-01
2.227334827184677124e-01
2.219590097665786743e-01
2.214056998491287231e-01
2.210635095834732056e-01
2.207543253898620605e-01
2.203485667705535889e-01
2.198383957147598267e-01
2.193088680505752563e-01
2.188815623521804810e-01
2.186497002840042114e-01
2.186273038387298584e-01
2.187515348196029663e-01
2.189348042011260986e-01
2.191233187913894653e-01
2.193162292242050171e-01
2.195451557636260986e-01
2.198408991098403931e-01
2.202122062444686890e-01
2.206429690122604370e-01
2.210977673530578613e-01
2.215307056903839111e-01
2.218930423259735107e-01
2.221422344446182251e-01
2.222490757703781128e-01
2.222067862749099731e-01
2.220311909914016724e-01
2.217593491077423096e-01
2.214379310607910156e-01
2.211085557937622070e-01
2.207975685596466064e-01
2.205092161893844604e-01
2.202291935682296753e-01
2.199381887912750244e-01
2.196259051561355591e-01
2.193017303943634033e-01
2.189954668283462524e-01
2.187473326921463013e-01
2.185956239700317383e-01
2.185603678226470947e-01
2.186418771743774414e-01
2.188215851783752441e-01
2.190744429826736450e-01
2.193777561187744141e-01
2.197160571813583374e-01
2.200817465782165527e-01
2.204663902521133423e-01
2.208554744720458984e-01
2.212215065956115723e-01
2.215272337198257446e-01
2.217278629541397095e-01
2.217821925878524780e-01
2.216621041297912598e-01
2.213574647903442383e-01
2.208803147077560425e-01
2.202637493610382080e-01
2.195552885532379150e-01
2.188110053539276123e-01
2.180858254432678223e-01
2.174277007579803467e-01
2.168725878000259399e-01
2.164411693811416626e-01
2.161400020122528076e-01
2.159643173217773438e-01
2.159002870321273804e-01
2.159311622381210327e-01
2.160395085811614990e-01
2.162105888128280640e-01
2.164330035448074341e-01
2.166991829872131348e-01
2.170029431581497192e-01
2.173384428024291992e-01
2.176991254091262817e-01
2.180762141942977905e-01
2.184603065252304077e-01
2.188407182693481445e-01
2.192076295614242554e-01
2.195522785186767578e-01
2.198672443628311157e-01
2.201448380947113037e-01
2.203761786222457886e-01
2.205501049757003784e-01
2.206510752439498901e-01
2.206599563360214233e-01
2.205567210912704468e-01
2.203215211629867554e-01
2.199393510818481445e-01
2.194036543369293213e-01
2.187177538871765137e-01
2.178965508937835693e-01
2.169653177261352539e-01
2.159553617238998413e-01
2.149023711681365967e-01
2.138410806655883789e-01
2.128028869628906250e-01
2.118138819932937622e-01
2.108954042196273804e-01
2.100644409656524658e-01
2.093367427587509155e-01
2.087275683879852295e-01
2.082539647817611694e-01
2.079326957464218140e-01
2.077785581350326538e-01
2.078002989292144775e-01
2.079956978559494019e-01
2.083480656147003174e-01
2.088243663311004639e-01
2.093752622604370117e-01
2.099408060312271118e-01
2.104564607143402100e-01
2.108616083860397339e-01
2.111104577779769897e-01
2.111787050962448120e-01
2.110679745674133301e-01
2.108070999383926392e-01
2.104469984769821167e-01
2.100527584552764893e-01
2.096934467554092407e-01
2.094308733940124512e-01
2.093108594417572021e-01
2.093577384948730469e-01
2.095729559659957886e-01
2.099384516477584839e-01
2.104238718748092651e-01
2.109936624765396118e-01
2.116151899099349976e-01
2.122617363929748535e-01
2.129138708114624023e-01
2.135542333126068115e-01
2.141618132591247559e-01
2.147069275379180908e-01
2.151475399732589722e-01
2.154338210821151733e-01
2.155153304338455200e-01
2.153526097536087036e-01
2.149279862642288208e-01
2.142509818077087402e-01
2.133572399616241455e-01
2.122969925403594971e-01
2.111231386661529541e-01
2.098769843578338623e-01
2.085803449153900146e-01
2.072367221117019653e-01
2.058424502611160278e-01
2.044001817703247070e-01
2.029307484626770020e-01
2.014809846878051758e-01
2.001168131828308105e-01
1.989107131958007812e-01
1.979255974292755127e-01
1.971969902515411377e-01
1.967233121395111084e-01
1.964648663997650146e-01
1.963495612144470215e-01
1.962873935699462891e-01
1.961840540170669556e-01
1.959563940763473511e-01
1.955408602952957153e-01
1.948991417884826660e-01
1.940189152956008911e-01
1.929103136062622070e-01
1.916014552116394043e-01
1.901337802410125732e-01
1.885557174682617188e-01
1.869177073240280151e-01
1.852661073207855225e-01
1.836402416229248047e-01
1.820674091577529907e-01
1.805618107318878174e-01
1.791242212057113647e-01
1.777450293302536011e-01
1.764076948165893555e-01
1.750924736261367798e-01
1.737824380397796631e-01
1.724645495414733887e-01
1.711326390504837036e-01
1.697872430086135864e-01
1.684327870607376099e-01
1.670770198106765747e-01
1.657263785600662231e-01
1.643859297037124634e-01
1.630559563636779785e-01
1.617330461740493774e-01
1.604096293449401855e-01
1.590746045112609863e-01
1.577147543430328369e-01
1.563166528940200806e-01
1.548678129911422729e-01
1.533581018447875977e-01
1.517813354730606079e-01
1.501355171203613281e-01
1.484238952398300171e-01
1.466548144817352295e-01
1.448409557342529297e-01
1.429982781410217285e-01
1.411437243223190308e-01
1.392939090728759766e-01
1.374617815017700195e-01
1.356542855501174927e-01
1.338715553283691406e-01
1.321050673723220825e-01
1.303366869688034058e-01
1.285416632890701294e-01
1.266887485980987549e-01
1.247448697686195374e-01
1.226775348186492920e-01
1.204591765999794006e-01
1.180695816874504089e-01
1.154988035559654236e-01
1.127468571066856384e-01
1.098256036639213562e-01
1.067542880773544312e-01
1.035588607192039490e-01
1.002685874700546265e-01
9.691226482391357422e-02
9.351667016744613647e-02
9.010485559701919556e-02
8.669426292181015015e-02
8.329766988754272461e-02
7.992382347583770752e-02
7.657804340124130249e-02
7.326399534940719604e-02
6.998458504676818848e-02
6.674303114414215088e-02
6.354381144046783447e-02
6.039218977093696594e-02
5.729499459266662598e-02
5.426029488444328308e-02
5.129641294479370117e-02
4.841260612010955811e-02
4.561730846762657166e-02
4.291899874806404114e-02
4.032509028911590576e-02
3.784163296222686768e-02
3.547378629446029663e-02
3.322484344244003296e-02
3.109702095389366150e-02
2.909107692539691925e-02
2.720615454018115997e-02
2.544055879116058350e-02
2.379122190177440643e-02
2.225421369075775146e-02
2.082501724362373352e-02
1.949817128479480743e-02
1.826803758740425110e-02
1.712856814265251160e-02
1.607357151806354523e-02
1.509681995958089828e-02
1.419215928763151169e-02
1.335363741964101791e-02
1.257555931806564331e-02
1.185249444097280502e-02
1.117938105016946793e-02
1.055149454623460770e-02
9.964569471776485443e-03
9.414673782885074615e-03
8.898266591131687164e-03
8.412252180278301239e-03
7.953783497214317322e-03
7.520440965890884399e-03
7.110057864338159561e-03
6.720803212374448776e-03
6.350980605930089951e-03
5.999281071126461029e-03
5.664444062858819962e-03
5.345466546714305878e-03
5.041479133069515228e-03
4.751661326736211777e-03
4.475386347621679306e-03
4.212087951600551605e-03
3.961205016821622849e-03
3.722334513440728188e-03
3.495024051517248154e-03
3.278887830674648285e-03
3.073566826060414314e-03
2.878707600757479668e-03
2.693974412977695465e-03
2.519050845876336098e-03
2.353581134229898453e-03
2.197272609919309616e-03
2.049765316769480705e-03
1.910769962705671787e-03
1.779917278327047825e-03
1.656934502534568310e-03
1.541461213491857052e-03
1.433177269063889980e-03
1.331759616732597351e-03
1.236905343830585480e-03
1.148289069533348083e-03
1.065595657564699650e-03
9.885142790153622627e-04
9.167683892883360386e-04
8.500378462485969067e-04
7.880594348534941673e-04
7.305587641894817352e-04
6.772534106858074665e-04
6.279192166402935982e-04
5.822802195325493813e-04
5.401094094850122929e-04
5.011946777813136578e-04
4.653078503906726837e-04
4.322531749494373798e-04
4.018311446998268366e-04
3.738636441994458437e-04
3.481743915472179651e-04
3.245838743168860674e-04
3.029647632502019405e-04
2.831666788551956415e-04
2.650413953233510256e-04
2.484600408934056759e-04
2.333179727429524064e-04
2.195027045672759414e-04
2.068914036499336362e-04
1.954059262061491609e-04
1.849513355409726501e-04
1.754351833369582891e-04
1.667978940531611443e-04
1.589474268257617950e-04
1.518316712463274598e-04
1.453801669413223863e-04
1.395445287926122546e-04
1.342646282864734530e-04
1.294905960094183683e-04
1.251826179213821888e-04
1.212984279845841229e-04
1.178016027552075684e-04
1.146535578300245106e-04
1.118250147555954754e-04
1.092875172616913915e-04
1.070118232746608555e-04
1.049735437845811248e-04
1.031569045153446496e-04
1.015304733300581574e-04
1.000808551907539368e-04
9.879313438432291150e-05
9.764973219716921449e-05
9.663829405326396227e-05
9.573876741342246532e-05
9.494733967585489154e-05
9.425063763046637177e-05
9.364233847009018064e-05
9.310546738561242819e-05
9.263808169635012746e-05
9.223217784892767668e-05
9.187935938825830817e-05
9.157791646430268884e-05
9.132171544479206204e-05
9.109775419346988201e-05
9.091082029044628143e-05
9.075682464754208922e-05
9.062358731171116233e-05
9.051947563420981169e-05
9.043286263477057219e-05
9.036267147166654468e-05
9.031187801156193018e-05
9.027832129504531622e-05
9.025008330354467034e-05
9.023588791023939848e-05
9.023188613355159760e-05
9.023185702972114086e-05
9.023810707731172442e-05
9.025426697917282581e-05
9.027133637573570013e-05
9.029324428411200643e-05
9.031681111082434654e-05
9.034611139213666320e-05
9.037605195771902800e-05
9.040495206136256456e-05
9.043832687893882394e-05
9.047142521012574434e-05
9.050681546796113253e-05
9.053962276084348559e-05
9.057485294761136174e-05
9.060656884685158730e-05
9.063901234185323119e-05
9.067041537491604686e-05
9.070158557733520865e-05
9.073354158317670226e-05
9.076558490050956607e-05
9.079292794922366738e-05
9.082064207177609205e-05
9.084851626539602876e-05
9.087587386602535844e-05
9.090008097700774670e-05
9.092529217014089227e-05
9.094842243939638138e-05
9.097241854760795832e-05
9.099184535443782806e-05
9.101596515392884612e-05
9.103190677706152201e-05
9.105045319302007556e-05
9.107148798648267984e-05
9.108660015044733882e-05
9.110204700846225023e-05
9.111877443501725793e-05
9.113010310102254152e-05
9.114645217778161168e-05
9.115861030295491219e-05
9.117097215494140983e-05
9.118217712966725230e-05
9.119477908825501800e-05
9.120635513681918383e-05
9.121452603721991181e-05
9.122335904976353049e-05
9.123211930273100734e-05
9.123956988332793117e-05
9.124680218519642949e-05
9.125490032602101564e-05
9.126290387939661741e-05
9.126838267548009753e-05
9.127642260864377022e-05
9.128153033088892698e-05
9.128808596869930625e-05
9.129296086030080914e-05
9.129782119998708367e-05
9.130154649028554559e-05
9.130538091994822025e-05
9.130952821578830481e-05
9.131299157161265612e-05
9.131814294960349798e-05
9.132229024544358253e-05
9.132294508162885904e-05
9.132653940469026566e-05
9.132823470281437039e-05
9.133223647950217128e-05
9.133629646385088563e-05
9.133625280810520053e-05
9.133963612839579582e-05
9.133943240158259869e-05
9.134216088568791747e-05
9.134432912105694413e-05
9.134579886449500918e-05
9.134689025813713670e-05
9.134870197158306837e-05
9.134860738413408399e-05
9.135288564721122384e-05
9.135233267443254590e-05
9.135273285210132599e-05
9.135226719081401825e-05
9.135514119407162070e-05
9.135598520515486598e-05
9.135741856880486012e-05
9.135592699749395251e-05
9.135751315625384450e-05
9.135944856097921729e-05
9.135973232332617044e-05
9.136027074418962002e-05
9.136081644101068377e-05
9.136139124166220427e-05
9.136215521721169353e-05
9.136157314060255885e-05
9.136214066529646516e-05
9.136347216553986073e-05
9.136342850979417562e-05
9.136474545812234282e-05
9.136445441981777549e-05
9.136379958363249898e-05
9.136298467637971044e-05
9.136372682405635715e-05
9.136580047197639942e-05
9.136481821769848466e-05
9.136494918493553996e-05
9.136461449088528752e-05
9.136623702943325043e-05
9.136535663856193423e-05
9.136777953244745731e-05
9.136689914157614112e-05
9.136622247751802206e-05
9.136676817433908582e-05
9.136726293945685029e-05
9.136556764133274555e-05
9.136579319601878524e-05
9.136570588452741504e-05
9.136745211435481906e-05
9.136729204328730702e-05
9.136585140367969871e-05
9.136630978900939226e-05
9.136630978900939226e-05
9.136630978900939226e-05
9.136630978900939226e-05
9.136711742030456662e-05
9.136711742030456662e-05
9.136711742030456662e-05
9.136799053521826863e-05
9.136799053521826863e-05
9.136799053521826863e-05
9.136765584116801620e-05
9.136810695054009557e-05
9.136810695054009557e-05
9.136810695054009557e-05
9.136810695054009557e-05
9.136810695054009557e-05
9.136810695054009557e-05
9.136810695054009557e-05
9.136810695054009557e-05
9.136778680840507150e-05
9.136778680840507150e-05
9.136778680840507150e-05
9.136778680840507150e-05
