-1.192092896618035525e-08
-2.780153843806032476e-04
-7.244821371996112980e-04
-1.184243340408119849e-03
-1.585512997904880983e-03
-1.992388542730372247e-03
-2.076580475719125296e-03
-2.222635890787694191e-03
-2.161347310820405099e-03
-2.116718724822941322e-03
-1.955717775410426018e-03
-1.820488595318622838e-03
-1.842647104294978244e-03
-1.679776606888616630e-03
-1.732052599421673306e-03
-1.760006732783439554e-03
-1.914048453621114421e-03
-2.124461841110647509e-03
-2.483790812525504821e-03
-2.833616110253955878e-03
-3.261642479314069698e-03
-3.740258155977754795e-03
-4.187814046176407956e-03
-4.655955866283700839e-03
-5.200913948115060137e-03
-5.705072885107353997e-03
-6.241079351049005908e-03
-6.589299300741813248e-03
-6.905456988228642068e-03
-7.059310678329822064e-03
-7.117937832664511522e-03
-7.110816837557931702e-03
-6.989876319467624999e-03
-6.457740556802038512e-03
-5.770638895386093203e-03
-4.997280905527423656e-03
-3.918681811792334990e-03
-2.915616900782569410e-03
-1.483058721376828704e-03
1.885208981611263823e-04
1.733519041559217211e-03
3.691035624868777010e-03
5.516910797637719632e-03
7.409383317037609995e-03
9.473111708768244821e-03
1.113069717283748927e-02
1.300127085993824094e-02
1.449959304419806694e-02
1.590707961657550351e-02
1.720326368784635962e-02
1.795250297388606420e-02
1.870174453172199214e-02
1.888389573486770612e-02
1.882931153867925533e-02
1.834456657298304261e-02
1.753164817423051580e-02
1.635144500558866065e-02
1.456089785373158516e-02
1.275926306322185816e-02
1.061724054879446821e-02
8.131746668132294742e-03
5.374078309543672827e-03
2.309028888543007696e-03
-6.925769880217758079e-04
-3.877324993883268789e-03
-7.147196931684779431e-03
-1.049590115158421932e-02
-1.374799680574589900e-02
-1.684370318568112479e-02
-2.011484087085982364e-02
-2.308569074255686915e-02
-2.575278325436680671e-02
-2.856189851018159365e-02
-3.097214393338931782e-02
-3.310449224875350316e-02
-3.510330128884553424e-02
-3.669783257375414109e-02
-3.806392264421470939e-02
-3.908094971383196947e-02
-3.992389876165530760e-02
-4.057065567063988798e-02
-4.074414283183408481e-02
-4.074419228902159684e-02
-4.045455000791742250e-02
-3.980970570610137260e-02
-3.881965977316564897e-02
-3.767910294257881265e-02
-3.613757134817752181e-02
-3.444283854439988968e-02
-3.239151731346023855e-02
-3.028029528087999855e-02
-2.764878553769006819e-02
-2.489982536391266432e-02
-2.196747844884122669e-02
-1.879250576492164093e-02
-1.561797196033160029e-02
-1.206992857333932800e-02
-8.621898331843763641e-03
-5.071479009446322461e-03
-1.507921120071475940e-03
2.238403162248991940e-03
5.832798059766622356e-03
9.287382824865436648e-03
1.273428684342570866e-02
1.599946088284819046e-02
1.921272924370726054e-02
2.208769602144475264e-02
2.484099225952568490e-02
2.737527166272467338e-02
2.991214848404638582e-02
3.209979431247797499e-02
3.414235587033989661e-02
3.618666846689744254e-02
3.809498364906344081e-02
4.005812754128557085e-02
4.199446292686709326e-02
4.380291043357353864e-02
4.586809278155223879e-02
4.804236604606393346e-02
5.028463697993823533e-02
5.304100811997070064e-02
5.586045186664334583e-02
5.905065009001481124e-02
6.236887717866490544e-02
6.604694686852846663e-02
6.986368517499508268e-02
7.401924416410032848e-02
7.840723160749019094e-02
8.274995576841842615e-02
8.732145919150163804e-02
9.196467054356977089e-02
9.632987629262051987e-02
1.009050608665534587e-01
1.051209787423291742e-01
1.090079807507543519e-01
1.125974503968129870e-01
1.158271400716771454e-01
1.187021074374773333e-01
1.210419176934525998e-01
1.228539373452197520e-01
1.241724439811720537e-01
1.250489168946228857e-01
1.253996117618023654e-01
1.252464642493966995e-01
1.247431156203444025e-01
1.238287330881723131e-01
1.225450846731047094e-01
1.209114048774132810e-01
1.190699119362177427e-01
1.171336937973024572e-01
1.149614057131645717e-01
1.126096730605488927e-01
1.102545845419558301e-01
1.077443960295405012e-01
1.051504202680624833e-01
1.024678954127836994e-01
9.974201343244715190e-02
9.694593343570562238e-02
9.389659053502472097e-02
9.060760201159667737e-02
8.710567899482046794e-02
8.318154837128838297e-02
7.887900577438300420e-02
7.397237755784394353e-02
6.852086763685341642e-02
6.222161804861245371e-02
5.485128441490619289e-02
4.688242529703218198e-02
3.772617523861376831e-02
2.719672423001590067e-02
1.546481493902729376e-02
2.587013868465048994e-03
-1.185408443372595877e-02
-2.771501967226080998e-02
-4.491484882502103093e-02
-6.331928898101146785e-02
-8.321886460170838107e-02
-1.041716355704432329e-01
-1.261858600093621052e-01
-1.489709785940772357e-01
-1.725940470039168395e-01
-1.963222645667633270e-01
-2.201253811423810602e-01
-2.434409411357092434e-01
-2.663420085336005716e-01
-2.880609519693597131e-01
-3.083343219903982302e-01
-3.268849796147967890e-01
-3.432788599833806464e-01
-3.568070229269323379e-01
-3.676567227733031906e-01
-3.749423908227132451e-01
-3.785862136982858228e-01
-3.787364954460366584e-01
-3.748770719013619912e-01
-3.669377354760722243e-01
-3.546886545683813896e-01
-3.382762466933377787e-01
-3.182055232493326002e-01
-2.940917067004227836e-01
-2.667085790597368833e-01
-2.357764104549118778e-01
-2.019883111573920753e-01
-1.657274939026252003e-01
-1.272906631341091943e-01
-8.749447487097750109e-02
-4.652513330827454108e-02
-5.106424464265263419e-03
3.674790969680208352e-02
7.792537654086087451e-02
1.182805697590791072e-01
1.570588766773674538e-01
1.940757706968518903e-01
2.290885417200055341e-01
2.612711955454881108e-01
2.907225121702334270e-01
3.170686222555605394e-01
3.401186333203803369e-01
3.597336592974194613e-01
3.760487333757805972e-01
3.887291406684906248e-01
3.980820592576335692e-01
4.040331958364610232e-01
4.069316427441577178e-01
4.066990629385465184e-01
4.036134476651771497e-01
3.983874390804978405e-01
3.906547655677662378e-01
3.812455933047465551e-01
3.701468494367349260e-01
3.578774287929285536e-01
3.444841555590031912e-01
3.307344119235630653e-01
3.163616979970375054e-01
3.021468660405891571e-01
2.878607067160934285e-01
2.739884895690823940e-01
2.608795514035154861e-01
2.484367007624339319e-01
2.365555535384009922e-01
2.257492204698426652e-01
2.156280423929336221e-01
2.064514999647101279e-01
1.981745622636040260e-01
1.903918098783890234e-01
1.834139090662315619e-01
1.768372041938547912e-01
1.702032611995160927e-01
1.641458736108018512e-01
1.575473110571351532e-01
1.506190893841663769e-01
1.430171987917596421e-01
1.346086688682556765e-01
1.249083187967998387e-01
1.138609002076299281e-01
1.010811838214633052e-01
8.645452835625921928e-02
6.982760935161441695e-02
5.067963985259441029e-02
2.931568545063072129e-02
5.434706037474715257e-03
-2.126497160882592774e-02
-5.041882687887826175e-02
-8.202364393081182370e-02
-1.161194180598368320e-01
-1.523462272235655002e-01
-1.907575372329765595e-01
-2.308053871143897762e-01
-2.721091630773445624e-01
-3.146092459710340128e-01
-3.572377365281453887e-01
-3.998683971675636162e-01
-4.417705624399936859e-01
-4.823121984906326709e-01
-5.210931427697886864e-01
-5.573223054949858479e-01
-5.903827476410865582e-01
-6.197371088482834800e-01
-6.448294216425551895e-01
-6.649513526735247870e-01
-6.798419634657968391e-01
-6.889908483817444029e-01
-6.923081435495077596e-01
-6.891796174343685077e-01
-6.796906428567972558e-01
-6.636810950519058672e-01
-6.412519132856263626e-01
-6.125456797200614645e-01
-5.775156151609313060e-01
-5.367167723861929751e-01
-4.907301272725576036e-01
-4.397602118216989431e-01
-3.847677743156305286e-01
-3.258016306924088057e-01
-2.641947069259301673e-01
-2.004280990089272185e-01
-1.350606027610033733e-01
-6.904963518887533014e-02
-3.538475505524829590e-03
6.110000032490628397e-02
1.239342459300480925e-01
1.844311594845695901e-01
2.416674341487151378e-01
2.953626728056273354e-01
3.449572426881813425e-01
3.898261545625614222e-01
4.299783717369950464e-01
4.650951830749227023e-01
4.948518837281049576e-01
5.195193122845784828e-01
5.390861996212018559e-01
5.537686253175005957e-01
5.638094800551260999e-01
5.692823813232898988e-01
5.707343035029273093e-01
5.685772648748864677e-01
5.632524924962797330e-01
5.550523945895453615e-01
5.444943494364633541e-01
5.321845260755259099e-01
5.183051292176220626e-01
5.033401740372651645e-01
4.877419223180360364e-01
4.718486774100217884e-01
4.558842207215029196e-01
4.400099869957626586e-01
4.247006536983292113e-01
4.095663907492704259e-01
3.950464873242571229e-01
3.811955908678199001e-01
3.676868233228716698e-01
3.547211184288992514e-01
3.419340841329500114e-01
3.292927283427759533e-01
3.166302795490126276e-01
3.035116624406458130e-01
2.897934101720425759e-01
2.753043310399455601e-01
2.597761949860294961e-01
2.426025043124593883e-01
2.240445032219076094e-01
2.035503988601692904e-01
1.809135729647191326e-01
1.560687169946427533e-01
1.287920404790641460e-01
9.888937934129676810e-02
6.650666789051414007e-02
3.156254089453050526e-02
-5.941739870924500622e-03
-4.583077140172751168e-02
-8.815858013677173310e-02
-1.322438990276650073e-01
-1.782673179144000364e-01
-2.257243160872599019e-01
-2.743657770252851957e-01
-3.238251648150978212e-01
-3.734146255636501266e-01
-4.227790272703592089e-01
-4.716861975324245226e-01
-5.193042038932278448e-01
-5.651236517455400232e-01
-6.090202889015359222e-01
-6.503937029543214177e-01
-6.884015687923719096e-01
-7.226332031171465164e-01
-7.532028334981210049e-01
-7.790661096898929827e-01
-8.000847763787095612e-01
-8.158739865440214345e-01
-8.262727975784457390e-01
-8.308583875891135673e-01
-8.296067871720476106e-01
-8.221401473047917907e-01
-8.086759204211871888e-01
-7.889670164303976829e-01
-7.631692139365108263e-01
-7.315590486633323231e-01
-6.941336208164775590e-01
-6.510252887799934385e-01
-6.033391468868655183e-01
-5.507432889105474683e-01
-4.941290842637086067e-01
-4.338954368345835366e-01
-3.709920169323029926e-01
-3.056898030323481619e-01
-2.389820828278797771e-01
-1.712175398008668470e-01
-1.036312456238931978e-01
-3.672283898891479104e-02
2.890541155905715365e-02
9.252040850920659198e-02
1.533995926359503215e-01
2.112007980139251617e-01
2.652160981212533519e-01
3.152342846165525625e-01
3.606999485458780574e-01
4.016177094512006773e-01
4.376657982327697427e-01
4.689477130868974775e-01
4.954309175187876502e-01
5.170661741717632598e-01
5.342015947647240637e-01
5.471694078030506780e-01
5.561518459756371602e-01
5.613277974715059626e-01
5.633673667538980911e-01
5.624916318554074035e-01
5.592623648666243952e-01
5.537199125053753335e-01
5.465969620730188883e-01
5.383015664272694512e-01
5.289921887627440089e-01
5.190052016498823972e-01
5.087264099651753746e-01
4.984207833388709097e-01
4.879685482303709465e-01
4.778898846277583323e-01
4.678213667213477200e-01
4.581889309784378250e-01
4.484107055191693947e-01
4.391149564731813837e-01
4.295671679397549680e-01
4.196291847208986070e-01
4.094563796177757009e-01
3.984373587168562603e-01
3.863884601676207398e-01
3.731567003597280330e-01
3.583461392541573143e-01
3.415444174131055943e-01
3.228383145387264674e-01
3.014709917802556594e-01
2.777726723882044668e-01
2.512136701779444925e-01
2.217350792498463119e-01
1.894817941749124546e-01
1.541411014802101798e-01
1.158756062863436354e-01
7.491360617320329263e-02
3.131686090521923482e-02
-1.475719250031851809e-02
-6.288506621201966906e-02
-1.127333454653244443e-01
-1.640005870501228535e-01
-2.160664191265529166e-01
-2.687509009000156324e-01
-3.213808297096269473e-01
-3.731940737589745094e-01
-4.241008580309279519e-01
-4.732344307422933771e-01
-5.202133026920049419e-01
-5.645279224068411317e-01
-6.056781191994298208e-01
-6.431359483288979773e-01
-6.765333431807796227e-01
-7.055074918528665417e-01
-7.296858458438331141e-01
-7.486084932069704267e-01
-7.621270732862741593e-01
-7.700021828825451831e-01
-7.723277492398872290e-01
-7.686600355318444766e-01
-7.592520452701052580e-01
-7.439126623430833973e-01
-7.229290216085995091e-01
-6.965651295929853326e-01
-6.646842381205950723e-01
-6.279701872324481293e-01
-5.864940821842592467e-01
-5.407894131565721407e-01
-4.913957509187835693e-01
-4.386515615000510238e-01
-3.832307114378922241e-01
-3.256028371669683064e-01
-2.662302330444811238e-01
-2.057789147645147088e-01
-1.452145342247662951e-01
-8.467000759293627499e-02
-2.484283636227728465e-02
3.368816376968758464e-02
9.034370721942053262e-02
1.447214069316943852e-01
1.965259695120463446e-01
2.452983437785973275e-01
2.906477338988611159e-01
3.323430905427536830e-01
3.706695937193860702e-01
4.048801799445073679e-01
4.351066788806843277e-01
4.617237939068243868e-01
4.844629924502671936e-01
5.033884481081700724e-01
5.189209488804161774e-01
5.311791745048418667e-01
5.404389950362136208e-01
5.467643644521406054e-01
5.507222354745466841e-01
5.522805176401670568e-01
5.517725741891202906e-01
5.496336720460972547e-01
5.460623172979657269e-01
