-5.960464483090177623e-09
5.134208040506460513e-04
1.471730560870465609e-03
2.711903648308700010e-03
4.071904007509730139e-03
5.427574936810009021e-03
6.807549160117581932e-03
8.022734959502952901e-03
9.200094079942905401e-03
1.019921144567056959e-02
1.123905593086069188e-02
1.207431884745449602e-02
1.275313855995968693e-02
1.341448660040903129e-02
1.400437116745181787e-02
1.442101799491180003e-02
1.475751038394590431e-02
1.494578023670220523e-02
1.493494725549915358e-02
1.495967755947957833e-02
1.455090415816516491e-02
1.431408727655449076e-02
1.369346700621293378e-02
1.305714125748333454e-02
1.235438287242831418e-02
1.145232107373060637e-02
1.037961974581040267e-02
9.120968771693081095e-03
7.744156103066196506e-03
6.252516706088633372e-03
4.740558779483571190e-03
2.789861353299102897e-03
9.792896928686421754e-04
-1.007749519475581099e-03
-3.009987904704049949e-03
-5.309058538048510439e-03
-7.508349603335184863e-03
-1.012545552633182383e-02
-1.261459779046922997e-02
-1.516397795050800079e-02
-1.783729453764364842e-02
-2.037434675429644626e-02
-2.318778712704700623e-02
-2.578228908850656309e-02
-2.837165392874353709e-02
-3.088214459628935149e-02
-3.335543372295732278e-02
-3.555691185440770785e-02
-3.752210573460960930e-02
-3.919667719349306800e-02
-4.075958725102948876e-02
-4.173719701332981313e-02
-4.264899102951816290e-02
-4.305653053624250437e-02
-4.305435186956965699e-02
-4.274810176134047346e-02
-4.200903218289209207e-02
-4.078544848068041406e-02
-3.914971638858921743e-02
-3.712142253233774447e-02
-3.477359059252002615e-02
-3.170431824496147688e-02
-2.859188094677045378e-02
-2.488886306278881300e-02
-2.073415344549392469e-02
-1.659505819744686028e-02
-1.196389238553988155e-02
-7.175865380431134533e-03
-2.158526601782451149e-03
2.841383208333519983e-03
8.001565298742158161e-03
1.321932558694717541e-02
1.820910145572234018e-02
2.314265366087411846e-02
2.780509528047971773e-02
3.246591743281523890e-02
3.665141404084897025e-02
4.057316272968693877e-02
4.422795844476815064e-02
4.747551897538128396e-02
5.020797686401845539e-02
5.285468830760228776e-02
5.496940590389343129e-02
5.668685975531603805e-02
5.814616096097557918e-02
5.934531954145827459e-02
6.024260085023780409e-02
6.083553376282757608e-02
6.132394062063650786e-02
6.166186913703808337e-02
6.166709694113048368e-02
6.182402159897648630e-02
6.183839220606651699e-02
6.187449526560467872e-02
6.206194951460786147e-02
6.211928226108354156e-02
6.241035694129792866e-02
6.262281444441519795e-02
6.302923272270721800e-02
6.368497624933067147e-02
6.423787738109587586e-02
6.485422301869409045e-02
6.563187794960562149e-02
6.647638299223890268e-02
6.720405260713377404e-02
6.791716223659161056e-02
6.847828124990026910e-02
6.895112051974122691e-02
6.920804761406584849e-02
6.919993136354277152e-02
6.896109281597004315e-02
6.813908048667402517e-02
6.719370442839708857e-02
6.585008008033486904e-02
6.415791742344680026e-02
6.180917284610510515e-02
5.894940439317075676e-02
5.567918568608201668e-02
5.200900318054660354e-02
4.776516993255233712e-02
4.300272689292765349e-02
3.793348878734613405e-02
3.218278289307799356e-02
2.614665773145252725e-02
1.958593827096638540e-02
1.271525344437793303e-02
5.445476535841875521e-03
-2.037916324070687679e-03
-9.736830449801753273e-03
-1.771780380429843760e-02
-2.564086691201028501e-02
-3.383946513001084844e-02
-4.186449468486114212e-02
-4.983779301121399330e-02
-5.756662833047843097e-02
-6.504804251612444910e-02
-7.212381107379622902e-02
-7.877963322948899894e-02
-8.484472630188011344e-02
-9.032820991905748942e-02
-9.513793481270493846e-02
-9.919881571978506063e-02
-1.023035240767853349e-01
-1.046550062441498619e-01
-1.059178586217551787e-01
-1.062978643170681137e-01
-1.056398051255996728e-01
-1.039714462792457605e-01
-1.010642152781976999e-01
-9.728149780254069512e-02
-9.223118685435188757e-02
-8.635779381554170575e-02
-7.943352107449974664e-02
-7.162168666844598297e-02
-6.301033494302410443e-02
-5.378154666835320563e-02
-4.363956565283567957e-02
-3.336727025911197242e-02
-2.276580373338265781e-02
-1.178567424542092262e-02
-7.309866648413099188e-04
9.841234483192726201e-03
2.034142921575979313e-02
3.044402958051911634e-02
3.979371078116239469e-02
4.863637141250132245e-02
5.636099521389054123e-02
6.338619445213328207e-02
6.936579952906224422e-02
7.424282872252552234e-02
7.802336554182526251e-02
8.064475719792729702e-02
8.221014102942836299e-02
8.246789901517626031e-02
8.181987414308267148e-02
7.986963597506496759e-02
7.707167963504829578e-02
7.322202908177261049e-02
6.870310903147258674e-02
6.329811140945901249e-02
5.735229944391001533e-02
5.082927949471194307e-02
4.403802247351840116e-02
3.720726967044418743e-02
3.015415427072032362e-02
2.346174228637792902e-02
1.688719033097169087e-02
1.087741625823401836e-02
5.317488650754043089e-03
6.533132483572123839e-04
-3.171871879570575814e-03
-6.092570050695078621e-03
-7.943399656696270572e-03
-8.836749206047739280e-03
-8.744548955104597399e-03
-7.502541871709400567e-03
-5.533763159897397976e-03
-2.668868628318180058e-03
9.583574471095090974e-04
5.202424244847056456e-03
9.631155240744773693e-03
1.440284711322661892e-02
1.908376454444861078e-02
2.362107621398578869e-02
2.789439971124206552e-02
3.158891475192868170e-02
3.451327186252309276e-02
3.675406240391779211e-02
3.798205605017565545e-02
3.830806314139337254e-02
3.780251420889574332e-02
3.599695892954699050e-02
3.338483545134812713e-02
3.000008661367273288e-02
2.553796585361461924e-02
2.038325975286883751e-02
1.490533194309412446e-02
8.625815990030205604e-03
2.322430383623341754e-03
-4.367928803003462424e-03
-1.101660348314964510e-02
-1.759184034008820507e-02
-2.398152826081850764e-02
-3.030141522365942253e-02
-3.607706105201169411e-02
-4.162762325593111212e-02
-4.659607717464497867e-02
-5.122494788977788316e-02
-5.528551377664814304e-02
-5.879674851507576960e-02
-6.180980667733998457e-02
-6.448890116622069124e-02
-6.661525151081243434e-02
-6.826507633495659810e-02
-6.957657770937930586e-02
-7.041108143770624661e-02
-7.101989230481881021e-02
-7.112342689959438857e-02
-7.076572929219882013e-02
-7.041562382754817939e-02
-6.947555296607638153e-02
-6.868135787131746106e-02
-6.714556767239238111e-02
-6.564399024327724486e-02
-6.387503539782413142e-02
-6.175564563956170705e-02
-5.962042679832059433e-02
-5.755357012527448357e-02
-5.503182984217972612e-02
-5.278741021998697297e-02
-5.037360053998042597e-02
-4.803728898884833398e-02
-4.603040620063614252e-02
-4.413612742580516612e-02
-4.238245991190930928e-02
-4.103777582268833268e-02
-3.982907813079894499e-02
-3.931707059709493857e-02
-3.911145329551019012e-02
-3.930895195873762571e-02
-4.037790035121630039e-02
-4.155772427314324835e-02
-4.338670389923859894e-02
-4.570364182565184175e-02
-4.849296658805196669e-02
-5.154563643705561971e-02
-5.504579152607974590e-02
-5.891176992449137506e-02
-6.295367989926636820e-02
-6.695491483957055623e-02
-7.107795990671295083e-02
-7.518034988938082641e-02
-7.885498738423407650e-02
-8.201294767239397654e-02
-8.512050390997238924e-02
-8.740599688199968131e-02
-8.891934584972563393e-02
-8.988414920621443094e-02
-8.995084168321840212e-02
-8.893483456279599464e-02
-8.731782661680453916e-02
-8.474979076598637695e-02
-8.133300186353273342e-02
-7.708369530789410673e-02
-7.241450939854213176e-02
-6.698763506129679079e-02
-6.126642673650782578e-02
-5.526098516797689486e-02
-4.908644477502946413e-02
-4.306906793151918378e-02
-3.727148664545319734e-02
-3.186051938135617267e-02
-2.728663526273815421e-02
-2.316476226978573388e-02
-2.006085017707846113e-02
-1.757871161858912123e-02
-1.616389695803563398e-02
-1.549263482760196431e-02
-1.572252408976018700e-02
-1.687626073875259092e-02
-1.838868563097259545e-02
-2.035526602271825469e-02
-2.261540893859054213e-02
-2.475539619743805098e-02
-2.659532797240904411e-02
-2.831380619722639880e-02
-2.903756398712636910e-02
-2.861632419275250694e-02
-2.729284443780982672e-02
-2.431694015015789523e-02
-1.985590225176270263e-02
-1.361904042775063939e-02
-5.402147040317939464e-03
4.613757866394729845e-03
1.634451353975119314e-02
3.002371423156507957e-02
4.547120337151916436e-02
6.248448547188450997e-02
8.089951876499634764e-02
1.005160202779620260e-01
1.206980189905123013e-01
1.414011094250668954e-01
1.624324131286186412e-01
1.829367143320429212e-01
2.028345306928367731e-01
2.216227122981175301e-01
2.390338720544437634e-01
2.542427765764589953e-01
2.672644289535939244e-01
2.773348499815576629e-01
2.846529078401351942e-01
2.886515636853472788e-01
2.891891898174923092e-01
2.859096058282840636e-01
2.791888496171406886e-01
2.685721071916435942e-01
2.543665033010273357e-01
2.368492860563283786e-01
2.156790107207125495e-01
1.915439666392722007e-01
1.648806300651030343e-01
1.356209990306301572e-01
1.044583887638885489e-01
7.183510983304330910e-02
3.788258987238762865e-02
3.479685042215574509e-03
-3.125424150663402845e-02
-6.587361597939775382e-02
-9.977594789525476293e-02
-1.325935432612616316e-01
-1.640430976970431720e-01
-1.939816833342949409e-01
-2.216969401596616818e-01
-2.472301467093691030e-01
-2.702590081591104143e-01
-2.907515740077871724e-01
-3.084265376369363376e-01
-3.231989225586011094e-01
-3.351870174960329685e-01
-3.442358877687228258e-01
-3.505749971388273378e-01
-3.540651300899079201e-01
-3.549699919803516734e-01
-3.532613353227774255e-01
-3.492558965377213220e-01
-3.431532792562522749e-01
-3.350099300227801224e-01
-3.251764940647877133e-01
-3.137764458852975724e-01
-3.011501118329300009e-01
-2.873962840717725342e-01
-2.728790806125988011e-01
-2.576185970379196721e-01
-2.421190979883458549e-01
-2.263222945007881959e-01
-2.105097577643862405e-01
-1.949316015141077663e-01
-1.795975725786095600e-01
-1.647112164096514175e-01
-1.506525389788898606e-01
-1.369694491436443395e-01
-1.241513138393040838e-01
-1.121939654951728677e-01
-1.008026439691734610e-01
-9.020972685125372426e-02
-8.041263189465301664e-02
-7.093575028545789918e-02
-6.229055863641960733e-02
-5.379691071178979711e-02
-4.560251729102812734e-02
-3.739385255336147296e-02
-2.887554221099042362e-02
-2.010073997171982207e-02
-1.066115580562493337e-02
-2.956467949329633083e-04
1.105112012927966791e-02
2.389505277353953794e-02
3.805696721472831556e-02
5.393969813749052711e-02
7.160363830957755527e-02
9.126553135380693904e-02
1.128398657723700960e-01
1.361993538973568785e-01
1.615118704382810244e-01
1.884412456873227337e-01
2.170688099406114513e-01
2.469834641979012924e-01
2.777752203725838420e-01
3.090835674098449393e-01
3.407770705348451279e-01
3.721738421137518738e-01
4.027226043498577379e-01
4.321527452939999403e-01
4.597813558684654134e-01
4.852833720167694098e-01
5.079784215405197534e-01
5.275984546455433355e-01
5.436270499382092058e-01
5.558941984057117480e-01
5.636676648730623018e-01
5.672639795979128596e-01
5.659208757646061461e-01
5.598893878370434507e-01
5.490891379972282493e-01
5.336452990958999720e-01
5.134925116796439371e-01
4.889283938825443876e-01
4.602675251965836489e-01
4.278573799032232561e-01
3.920826129447325115e-01
3.531070165881508016e-01
3.119301796727847464e-01
2.685021514754951100e-01
2.235037929439660509e-01
1.776386576650613169e-01
1.314049986363673983e-01
8.503186719752470202e-02
3.950539710524575421e-02
-5.206100240542854696e-03
-4.853250753510029991e-02
-9.004848345550894861e-02
-1.294165032397069093e-01
-1.664729747882581767e-01
-2.009674420136834949e-01
-2.329204165261556381e-01
-2.619028046033399226e-01
-2.882062414873192702e-01
-3.116256429516731652e-01
-3.323580803815233131e-01
-3.503969270342461861e-01
-3.661516734709029941e-01
-3.794956800513816786e-01
-3.909418070315517912e-01
-4.003330311042125889e-01
-4.081901540388065408e-01
-4.146333888358930686e-01
-4.200463654460147023e-01
-4.243939140280890698e-01
-4.279200262183732173e-01
-4.310450789047430842e-01
-4.332157540370985549e-01
-4.352889145945039173e-01
-4.368304777919542192e-01
-4.377017009846418949e-01
-4.381904242892402657e-01
-4.380194991418360217e-01
-4.368762165316156798e-01
-4.348949050820308249e-01
-4.318132570467012044e-01
-4.272244126408600295e-01
-4.210210135559603883e-01
-4.129410874483351312e-01
-4.031028690938852077e-01
-3.906218862794150759e-01
-3.757838896271234463e-01
-3.584031445082980771e-01
-3.383273575115320897e-01
-3.154434561090751488e-01
-2.895877480869078480e-01
-2.610043179066763308e-01
-2.293644024394260739e-01
-1.949191294620392090e-01
-1.578003350908985247e-01
-1.180593786624064001e-01
-7.610614180381625182e-02
-3.190630534179744737e-02
1.424653438248849047e-02
6.176662201561400334e-02
1.104289203000566877e-01
1.599670181684677284e-01
2.096998620209846731e-01
2.595792741871534304e-01
3.087553443737059422e-01
3.567466117435144080e-01
4.034344367621202632e-01
4.482300020292693254e-01
4.904493598077259708e-01
5.298717782161054268e-01
5.660372112550149382e-01
5.987455682291057402e-01
