-1.192092896618035525e-08
-3.170586394370400463e-04
-9.502647862086877062e-04
-1.739464849409344538e-03
-2.504464101932890596e-03
-3.250300101556968801e-03
-3.877672172163448838e-03
-4.386169435737385935e-03
-4.919734490977267782e-03
-5.363679065454318717e-03
-5.706361360925837900e-03
-6.095479597074349165e-03
-6.376201394764968722e-03
-6.666227952994319139e-03
-6.937821822762868518e-03
-7.245534520742946683e-03
-7.427761759995654689e-03
-7.676995252544338566e-03
-7.941982426091398484e-03
-8.112643982066181092e-03
-8.435668821991260113e-03
-8.678604699551561996e-03
-8.956394039707160637e-03
-9.270767153303494101e-03
-9.626919079114615307e-03
-9.995027669543021798e-03
-1.038623588368153827e-02
-1.090829633590645331e-02
-1.133649603866726530e-02
-1.190417854773362372e-02
-1.240277304769918376e-02
-1.308290845972706617e-02
-1.355992377434975249e-02
-1.417707945676177639e-02
-1.458668810033746793e-02
-1.511496739852803001e-02
-1.561357147447114263e-02
-1.595559651501665677e-02
-1.634943501033839230e-02
-1.655637245404917302e-02
-1.668816391650185249e-02
-1.659532742468611266e-02
-1.644921792285736206e-02
-1.625341210891340094e-02
-1.594158295510400558e-02
-1.530620677727012602e-02
-1.460481660346263366e-02
-1.387657407371450935e-02
-1.297010238978540952e-02
-1.186416635177067747e-02
-1.072819705944028090e-02
-9.552500908650951583e-03
-8.355248341059273720e-03
-7.039417412198267776e-03
-5.748136934152103805e-03
-4.486032593805755475e-03
-3.198075673980005362e-03
-2.086964107122057932e-03
-1.000877540655698006e-03
-9.541256868694780735e-05
5.794436593066221164e-04
1.238827174387446828e-03
1.696305735939207526e-03
1.909507298622603599e-03
1.842207477415258587e-03
1.412307404846158132e-03
9.947239082745418237e-04
1.832846684189370912e-04
-6.911871463893826117e-04
-1.994851750135195889e-03
-3.420959911670573561e-03
-5.081455354195907326e-03
-6.988544679236097235e-03
-9.056856928379652949e-03
-1.146167003782977423e-02
-1.383803365179070433e-02
-1.654471644641869466e-02
-1.922439625739758018e-02
-2.227555989319510155e-02
-2.514197381366586881e-02
-2.826479923995819932e-02
-3.126445760134849428e-02
-3.435142080064551573e-02
-3.730653351211393742e-02
-4.050265326500969432e-02
-4.363158109487631081e-02
-4.654094981171706669e-02
-4.944386288814054536e-02
-5.197725673525867979e-02
-5.482112382106474335e-02
-5.751125229776131442e-02
-5.971475782892259054e-02
-6.191331928280474628e-02
-6.405884282784371497e-02
-6.580765232504304230e-02
-6.748519883930256813e-02
-6.885872866886069699e-02
-6.981381201238051615e-02
-7.076166117634191677e-02
-7.137812012691241437e-02
-7.174824040677585391e-02
-7.178642170156052105e-02
-7.154689805969915994e-02
-7.125971643161971292e-02
-7.065563132858820872e-02
-6.968651682048471185e-02
-6.848386175759191286e-02
-6.703767522224185482e-02
-6.563269329876381120e-02
-6.370574445254634233e-02
-6.175651131396436844e-02
-5.961404466345754383e-02
-5.742184452637361103e-02
-5.479227046211282426e-02
-5.211942176293704598e-02
-4.939296267345849589e-02
-4.638710306350019019e-02
-4.324232248462832329e-02
-3.988672297443639214e-02
-3.627524335127450816e-02
-3.257878021385267331e-02
-2.841723155893665503e-02
-2.436609183165652087e-02
-1.979109849992909814e-02
-1.509288177819184673e-02
-1.003125467441252916e-02
-4.770507093175779811e-03
8.455121215093786002e-04
6.860494918690007715e-03
1.307468350005969171e-02
1.979628422637799701e-02
2.671499369818475245e-02
3.398948516653860219e-02
4.169727239924525541e-02
4.953227642219121263e-02
5.764635700138109886e-02
6.620774238183313454e-02
7.485851809097493481e-02
8.376622058331090193e-02
9.281574562113070748e-02
1.018846624242433774e-01
1.109755362529500355e-01
1.203452196759539627e-01
1.295982367535846724e-01
1.389240975005335832e-01
1.478999385716385229e-01
1.569190364427930917e-01
1.659585608400811485e-01
1.748811976613314223e-01
1.835443372999580047e-01
1.921807678509164230e-01
2.005975812984924778e-01
2.089229425270025253e-01
2.171230369014722217e-01
2.251148424134424564e-01
2.328547403509193536e-01
2.406369986030159336e-01
2.479414554892426792e-01
2.552289603142789409e-01
2.621992611230053449e-01
2.690476785436802798e-01
2.755295127508932129e-01
2.815563747602661815e-01
2.875191705924407537e-01
2.929114931171404868e-01
2.979418977941133972e-01
3.024160918863477709e-01
3.064223046184825772e-01
3.097682369305190253e-01
3.122174060589738009e-01
3.139731627383142709e-01
3.147283753636906378e-01
3.145338000462777339e-01
3.131870652197539795e-01
3.106042093898583323e-01
3.066939894208420281e-01
3.012084769147714836e-01
2.943605660045389705e-01
2.857229713045251751e-01
2.754141924275596010e-01
2.633266967989542628e-01
2.494350942377521196e-01
2.336769486968516274e-01
2.162222033162897739e-01
1.969127137440902509e-01
1.760008718694530960e-01
1.533656630777343877e-01
1.293384673758334047e-01
1.040756412325068159e-01
7.756722015459507902e-02
5.019365812168205543e-02
2.208895442640670947e-02
-6.457722068389182279e-03
-3.507568903042845854e-02
-6.363384508950067908e-02
-9.174895493934015489e-02
-1.190441964631783062e-01
-1.454225821246314942e-01
-1.702082319799905208e-01
-1.934371420582439161e-01
-2.147719561895556628e-01
-2.339012210287573779e-01
-2.505422885467212812e-01
-2.645960709875607164e-01
-2.757118219044850660e-01
-2.838050010798796596e-01
-2.890889711411351870e-01
-2.909547365601973801e-01
-2.898686318006488682e-01
-2.856418841703462497e-01
-2.782078742610079591e-01
-2.678635431610798534e-01
-2.546401750147136989e-01
-2.385672330902407212e-01
-2.200223049852156332e-01
-1.992559970971301830e-01
-1.762681817191117106e-01
-1.514809836859532799e-01
-1.250184567927011270e-01
-9.709990732488463228e-02
-6.838485677683814323e-02
-3.844441577448945435e-02
-8.159895356016494405e-03
2.248047155930688046e-02
5.320794847798496208e-02
8.384050593959441189e-02
1.143159326364307504e-01
1.440155871372153229e-01
1.731841254561188315e-01
2.015891659488519561e-01
2.290893806312603309e-01
2.556627126177259957e-01
2.810480427381698565e-01
3.055400204780983064e-01
3.288645248232211493e-01
3.512286064779943096e-01
3.725365719272163423e-01
3.926390845313156297e-01
4.119458450991256848e-01
4.302112941639230081e-01
4.477977145286002880e-01
4.644046996678682371e-01
4.803647385974180173e-01
4.957499927604852030e-01
5.104926251583803420e-01
5.246685749010366884e-01
5.382553641571901082e-01
5.513332029664732570e-01
5.640611339860179818e-01
5.762196913244782559e-01
5.876591821903734969e-01
5.988317900728106213e-01
6.092512722126897096e-01
6.190108696801677191e-01
6.280797386863887777e-01
6.360135897087437762e-01
6.430812165115274981e-01
6.488860855963709540e-01
6.532695578016568527e-01
6.563223454934772327e-01
6.574301225425598361e-01
6.567843694514368114e-01
6.539571899105209862e-01
6.488202731236579757e-01
6.411918766364428368e-01
6.309908061455729023e-01
6.178543859228450286e-01
6.018306171279770300e-01
5.826381682665332518e-01
5.603632319946468821e-01
5.349287961134898683e-01
5.060792150833093306e-01
4.742431744407585859e-01
4.392603685833392224e-01
4.012564477383637196e-01
3.604635732164947481e-01
3.170096643185101870e-01
2.712415893336361239e-01
2.234565769429272541e-01
1.738527370697839913e-01
1.230919998809814342e-01
7.130833916176287923e-02
1.907010377463791428e-02
-3.323432592970337884e-02
-8.485808154131824210e-02
-1.354817336584520637e-01
-1.847749784425085640e-01
-2.321651878442791694e-01
-2.770792712445281913e-01
-3.191553058059067860e-01
-3.580355376870765216e-01
-3.931740277949670181e-01
-4.242354655895076432e-01
-4.511622120123570112e-01
-4.733278322769289836e-01
-4.909934901762047499e-01
-5.034842987839568407e-01
-5.113498892408565588e-01
-5.140995973180257916e-01
-5.119119127675364478e-01
-5.049884337837592385e-01
-4.933735523895584896e-01
-4.773214750988166721e-01
-4.571337610177270694e-01
-4.329875589101462308e-01
-4.051455709503806735e-01
-3.742852556886794302e-01
-3.404941446812292383e-01
-3.041854657823823138e-01
-2.658716269605904126e-01
-2.258429348720183416e-01
-1.845800056208689033e-01
-1.424103574608799050e-01
-9.966393048298677337e-02
-5.651504371200213872e-02
-1.360687399233134753e-02
2.918787748841039642e-02
7.132311322517936869e-02
1.128776917843651861e-01
1.534700805070962626e-01
1.931363259866227255e-01
2.318425527993750457e-01
2.692707409974231525e-01
3.055366375364663711e-01
3.406865636882858150e-01
3.744142501350525842e-01
4.071516457974339587e-01
4.388079306524812484e-01
4.693041477563295594e-01
4.985510399373710433e-01
5.269945292780655599e-01
5.543066245963643723e-01
5.806684960202845858e-01
6.061911529739225646e-01
6.305705465414550570e-01
6.540187301155465649e-01
6.765734945290526881e-01
6.980792017345514022e-01
7.182452427914398640e-01
7.373742384264450056e-01
7.549917868270088483e-01
7.714078300461408855e-01
7.859354739987158833e-01
7.987988453717522752e-01
8.096127950018027208e-01
8.184592917829938141e-01
8.248141254975829284e-01
8.287193919744471060e-01
8.298496503119173751e-01
8.280183237232380256e-01
8.230591988966127204e-01
8.149505576915074823e-01
8.033203395598995655e-01
7.883002405997341366e-01
7.694604659251969014e-01
7.470449905644573896e-01
7.207225463813352606e-01
6.908028538771910920e-01
6.570808435190627073e-01
6.196973966439141002e-01
5.787866901909790585e-01
5.345255317518164961e-01
4.868818619306609641e-01
4.362877998873747054e-01
3.831326542245682698e-01
3.272703070171764095e-01
2.693749587011230462e-01
2.096890205267394891e-01
1.485355031487601840e-01
8.643349820229090374e-02
2.370655162713176597e-02
-3.914188668140226868e-02
-1.016445067919158202e-01
-1.634161831486759253e-01
-2.239551215367635018e-01
-2.827504005468062798e-01
-3.392678719701744949e-01
-3.933040544396706473e-01
-4.442026210472113656e-01
-4.917181110865599392e-01
-5.355657621837424109e-01
-5.751252630608685301e-01
-6.104126325522228891e-01
-6.409297891081784382e-01
-6.664560526763562143e-01
-6.871986721642560081e-01
-7.027842351011469590e-01
-7.132363652478596050e-01
-7.185691093575086175e-01
-7.189571455969151481e-01
-7.143667861771326733e-01
-7.051746914614214212e-01
-6.912659846969253508e-01
-6.732777513298863203e-01
-6.512495746211998116e-01
-6.256713957005943794e-01
-5.967113865551156859e-01
-5.648774043587416749e-01
-5.304917144719774047e-01
-4.939143777793141843e-01
-4.555730487709329646e-01
-4.156839393699199303e-01
-3.747129439547392526e-01
-3.327779457364072324e-01
-2.903963080824554788e-01
-2.478032632708324634e-01
-2.050353376475722023e-01
-1.626469091375625786e-01
-1.204920543391703736e-01
-7.871550798312532127e-02
-3.753463094620748675e-02
2.929507150448040775e-03
4.263764901267746987e-02
8.143463263663924812e-02
1.197128985611205509e-01
1.570738371466001704e-01
1.934411619393758830e-01
2.293887568070006044e-01
2.643259755146217804e-01
2.985041364468285496e-01
3.320128054476337853e-01
3.647048396749574817e-01
3.966765935312682179e-01
4.277705525531326214e-01
4.581733803642536462e-01
4.877535573941170211e-01
5.161793395097351578e-01
5.436054114179097452e-01
5.699503390784208534e-01
5.946979270081700353e-01
6.182269870210963525e-01
6.399213239818941634e-01
6.596212422384448715e-01
6.772710728826688564e-01
6.925656801880665236e-01
7.053308441177761345e-01
7.153807066820501159e-01
7.223645228820816389e-01
7.260902843159486864e-01
7.264643521572629048e-01
7.234544956260740012e-01
7.165715068129864251e-01
7.060278325923934339e-01
6.914377199365251414e-01
6.730365364916588433e-01
6.505466919459179653e-01
6.240328847587399697e-01
5.938123645336457201e-01
5.598098450519051195e-01
5.222358956064618862e-01
4.811923904593918278e-01
4.371084325605109067e-01
3.898327052290518346e-01
3.399509908022078641e-01
2.876859101172690170e-01
2.334602794396368475e-01
1.775309372887238502e-01
1.204969544313760355e-01
6.265731143588951224e-02
4.431100827946482523e-03
-5.382460229896846027e-02
-1.114839533409081596e-01
-1.683926425649794612e-01
-2.238523014716221893e-01
-2.774974263820878528e-01
-3.289462359669831359e-01
-3.779345717406120131e-01
-4.239251413445864758e-01
-4.667073082488285563e-01
-5.058022930286951713e-01
-5.410946287079303474e-01
-5.722640788749719931e-01
-5.991964550070822959e-01
-6.217050429999964045e-01
-6.397943764544206102e-01
-6.533405788232804490e-01
-6.621842633478020046e-01
-6.665434251112847264e-01
-6.665599077987887089e-01
-6.620262885315300050e-01
-6.534809756860533447e-01
-6.408120265081318490e-01
-6.242634335020671443e-01
-6.042967098976367302e-01
-5.808977070533032361e-01
-5.543758792209561026e-01
-5.251762483941304627e-01
-4.938226337796192134e-01
-4.599660875357871603e-01
-4.241711586989971305e-01
-3.871768974881231173e-01
-3.485514229212899329e-01
-3.088996113247841624e-01
-2.683958096835518115e-01
-2.274226192396854584e-01
-1.858729687433626765e-01
-1.443037718866320707e-01
-1.023726687519131151e-01
-6.077829462154371587e-02
-1.940080793489309952e-02
