1.192092896618035525e-08
-1.301186599190762294e-04
-3.863282713817417502e-04
-6.270129670850610459e-04
-7.362712024595319260e-04
-7.104736578485149057e-04
-4.747230366060062323e-04
-2.625067101472144948e-05
4.539182974771793777e-04
1.160420864878247693e-03
1.935656051766959651e-03
2.778474865372748681e-03
3.775720459383596905e-03
4.625820318472695369e-03
5.760289875188118192e-03
6.801542964572790395e-03
8.017147840011257243e-03
9.275390243711153365e-03
1.048025855895628328e-02
1.188545254014286567e-02
1.311923352045636995e-02
1.450518485548208877e-02
1.587427078375269751e-02
1.715706262006687702e-02
1.845163133476044812e-02
1.961586613241705565e-02
2.082445535046118304e-02
2.189015206497562510e-02
2.276928785952840595e-02
2.368058484046152434e-02
2.446451775920596011e-02
2.514420343529523427e-02
2.560121686350029513e-02
2.603038062979667541e-02
2.631486689721910383e-02
2.639711912905849320e-02
2.636621350599735458e-02
2.590688267555747368e-02
2.554654970095268651e-02
2.480521737200092752e-02
2.398319256799254229e-02
2.275601589987855458e-02
2.141203122243152956e-02
1.968939704236754087e-02
1.799414636556226355e-02
1.573658721983724890e-02
1.366691251881166358e-02
1.127193519212767517e-02
8.558673414647836181e-03
5.666323889445563228e-03
2.660100436526771639e-03
-3.320786470341480223e-04
-3.513147194457590106e-03
-6.782364892425202241e-03
-1.008517578543353943e-02
-1.337389970598323874e-02
-1.668714650613206674e-02
-1.996355196898702555e-02
-2.310520136718505202e-02
-2.622654508666116824e-02
-2.920009313380819704e-02
-3.195893021020251856e-02
-3.454067470160929187e-02
-3.682048516112854109e-02
-3.896615413039647424e-02
-4.056697448627832880e-02
-4.218511270531127844e-02
-4.320269722283975877e-02
-4.393810900062644631e-02
-4.430798521324519346e-02
-4.424672176992594519e-02
-4.395960594752773565e-02
-4.330704942660185131e-02
-4.207313631785908337e-02
-4.068801598974469691e-02
-3.896261652775551143e-02
-3.682434051692934363e-02
-3.432554321293157518e-02
-3.159946064613711192e-02
-2.863256325830365601e-02
-2.544160562491509792e-02
-2.197067938152547084e-02
-1.842510378697226336e-02
-1.465644593045928312e-02
-1.089361589594289859e-02
-6.952246096142200571e-03
-2.908786021614206962e-03
1.281516082041439519e-03
5.551012588709824946e-03
9.709748911898324897e-03
1.385606032643750540e-02
1.828382913988474412e-02
2.245985062919311076e-02
2.683352336644763067e-02
3.104875066566008951e-02
3.537996472726032821e-02
3.977362701368546832e-02
4.413552848367005565e-02
4.851086592099081163e-02
5.269435346663703390e-02
5.735235706899996511e-02
6.174507194373801688e-02
6.636944080068329921e-02
7.099561186978251004e-02
7.556042799818574185e-02
8.037335642838000505e-02
8.512784524018796040e-02
9.000290815280281853e-02
9.489772642797977831e-02
9.976839302107248786e-02
1.046353272622400632e-01
1.096187858360588852e-01
1.143151877543311379e-01
1.192267152722207846e-01
1.238879470978275776e-01
1.284664120508770546e-01
1.329108351413582079e-01
1.372141982778281033e-01
1.413551030018870835e-01
1.450815120853961582e-01
1.484091820010514651e-01
1.517629663002489360e-01
1.542950781279597283e-01
1.566662931115452295e-01
1.586335138157720648e-01
1.601930139976058265e-01
1.611187877317546424e-01
1.614573775913298315e-01
1.613514374452670319e-01
1.605865725553576595e-01
1.593686633613149162e-01
1.574203816495525488e-01
1.550301385530212794e-01
1.518948016517020771e-01
1.483339173492420060e-01
1.440606551382044298e-01
1.394042484484988853e-01
1.340724086563026551e-01
1.281406915006962355e-01
1.219214864969935114e-01
1.153782352348697304e-01
1.082951616876069306e-01
1.009598710410570394e-01
9.358519638070605939e-02
8.587657241413942932e-02
7.811004914603719707e-02
7.034901548647914948e-02
6.261623666656324083e-02
5.518304723856209959e-02
4.788592742047781403e-02
4.087761478380191882e-02
3.418793883094389807e-02
2.800644450088951576e-02
2.233916214578640647e-02
1.733212995987593041e-02
1.291036179615168145e-02
9.343508651840082280e-03
6.064299361537184296e-03
3.980312148636588887e-03
2.614621053598276124e-03
1.831156393330257703e-03
1.964033656454533538e-03
2.929159804542946777e-03
4.594565844195097615e-03
6.938736402991196872e-03
1.012891204259469546e-02
1.380779750650734661e-02
1.796667422878606146e-02
2.285847086565273578e-02
2.786502411161931314e-02
3.344454434362836848e-02
3.924791259293480827e-02
4.519734405756228868e-02
5.114467088042876086e-02
5.715327170211026431e-02
6.301229785620088286e-02
6.879767518634460899e-02
7.433159365155488085e-02
7.963108292523041198e-02
8.437674949765675003e-02
8.884321864118110978e-02
9.282688831666782714e-02
9.633404020580019211e-02
9.925654020855601001e-02
1.017109857830319486e-01
1.038474106183129297e-01
1.053420500297398421e-01
1.062591709092741699e-01
1.070222215048591830e-01
1.072351193801441838e-01
1.071636496633725510e-01
1.068238285501260099e-01
1.061367013289994388e-01
1.056679357787443374e-01
1.050649899353685024e-01
1.042627494616264472e-01
1.038691790433054485e-01
1.033642336096580738e-01
1.034550765131719841e-01
1.036309834912815253e-01
1.041389893082046436e-01
1.051081299577093509e-01
1.064478896247007533e-01
1.079500443047113345e-01
1.098908037410205596e-01
1.123394657067173785e-01
1.145417986972443458e-01
1.175087557306191410e-01
1.201824984317257927e-01
1.229326985424146201e-01
1.258784414997586865e-01
1.285630584888302064e-01
1.312369368212925047e-01
1.337091783234205522e-01
1.358175255635141743e-01
1.375107082218710586e-01
1.388388798440916005e-01
1.399552265935280482e-01
1.403008263182801141e-01
1.403528024127598806e-01
1.397716266279917519e-01
1.388815905081449142e-01
1.374199984264378727e-01
1.354790741689786138e-01
1.330777209052566024e-01
1.301487095723029841e-01
1.271295392966075299e-01
1.233579097487639414e-01
1.195514256261277358e-01
1.152960286394796724e-01
1.110104490712498920e-01
1.062825213715683642e-01
1.014118030980309532e-01
9.634977281444294384e-02
9.124721803407795373e-02
8.619720729907467960e-02
8.092620458655874760e-02
7.572182081837530720e-02
7.042664859004899025e-02
6.526616678473828870e-02
6.025223050285244408e-02
5.495632239043324319e-02
4.987848517989007524e-02
4.518175305519067653e-02
4.034417688767144572e-02
3.582330975950648311e-02
3.132888784508119917e-02
2.697752127461311433e-02
2.288192895562096707e-02
1.886620129566179971e-02
1.497806066996898444e-02
1.144719811384681263e-02
7.986379929168008207e-03
4.516513642305985954e-03
1.405344862572543985e-03
-1.791269854528543259e-03
-4.661117308125795056e-03
-7.734104117189666283e-03
-1.069542691072661311e-02
-1.357854222345916684e-02
-1.665829582971334322e-02
-1.980483658862808305e-02
-2.304173063176545577e-02
-2.634689595544081886e-02
-3.012668458974215868e-02
-3.389421388288188508e-02
-3.803515400063087193e-02
-4.246988240933979863e-02
-4.730385182991225096e-02
-5.213540001335101315e-02
-5.745011828485538374e-02
-6.311736009686136351e-02
-6.894002815645847160e-02
-7.485327704028832407e-02
-8.122268756359488084e-02
-8.774757026338421417e-02
-9.440475373284251681e-02
-1.010494383472617663e-01
-1.077627433826950643e-01
-1.144965595600364594e-01
-1.209384349905011369e-01
-1.276439206203495713e-01
-1.337423128826448204e-01
-1.394932510567225281e-01
-1.451192404488269583e-01
-1.502909312180671364e-01
-1.549737273162714035e-01
-1.591852732732242370e-01
-1.630203442583596507e-01
-1.665140726188482634e-01
-1.690987882380528551e-01
-1.716038644504782607e-01
-1.737043166777162417e-01
-1.753747112654444607e-01
-1.767748295115578738e-01
-1.781776551728971314e-01
-1.792127334773189751e-01
-1.803118803721067698e-01
-1.813681656475674697e-01
-1.825620123057860034e-01
-1.837396951781795906e-01
-1.851268863370225115e-01
-1.867133401378414104e-01
-1.884726298871909900e-01
-1.903377719775622701e-01
-1.923846751263222910e-01
-1.944884155430590678e-01
-1.966341862906426374e-01
-1.986812734150191218e-01
-2.005190232898697300e-01
-2.021868633417603922e-01
-2.033825101481013531e-01
-2.041674085981863840e-01
-2.041332690126098082e-01
-2.032114542918609934e-01
-2.015000103034990109e-01
-1.985697848839985680e-01
-1.945198716321472343e-01
-1.890237330019950146e-01
-1.820895029137309662e-01
-1.737498175322698124e-01
-1.637914933498120784e-01
-1.522726228803235604e-01
-1.391755653480064026e-01
-1.245399667392125265e-01
-1.084697775762080707e-01
-9.088425339470374009e-02
-7.220454461652769940e-02
-5.233517306180879292e-02
-3.169037538585545155e-02
-1.040190605525020962e-02
1.133538309112164244e-02
3.337807486387966982e-02
5.520503136083454443e-02
7.679148086620002367e-02
9.749899736543060635e-02
1.174538166504412451e-01
1.361814933363605373e-01
1.532144769610509494e-01
1.688181904986771342e-01
1.824664370533974622e-01
1.939356000315171635e-01
2.031278341690734568e-01
2.099453006905752928e-01
2.142299933492723130e-01
2.159780353412691090e-01
2.150860073415443996e-01
2.115720267316154868e-01
2.054765468927545191e-01
1.968315821323599613e-01
1.857235341821889818e-01
1.725064892693756180e-01
1.569075604724425310e-01
1.394458429409415057e-01
1.199390431901173754e-01
9.889413225594234635e-02
7.649245729199191657e-02
5.282045877885488405e-02
2.812741669725370847e-02
2.718219016621381372e-03
-2.325064872234881841e-02
-4.976999640734138669e-02
-7.624327922581861094e-02
-1.028361141708186155e-01
-1.291297698367143976e-01
-1.551420580018898210e-01
-1.805235322034588474e-01
-2.052707436095249915e-01
-2.290647433429083835e-01
-2.522238909543237373e-01
-2.743019342012219530e-01
-2.952785112148403335e-01
-3.151496396099731090e-01
-3.338980035148084169e-01
-3.514345058202164584e-01
-3.678609772703773095e-01
-3.829569828771755002e-01
-3.970113661999739585e-01
-4.098705281078968143e-01
-4.216927487029629162e-01
-4.323564971393761835e-01
-4.422231221653591393e-01
-4.511041329807080613e-01
-4.590467352881265617e-01
-4.662212739519858706e-01
-4.726880227183633543e-01
-4.782774010989986335e-01
-4.833543710975425900e-01
-4.876604121624530941e-01
-4.915045155376874253e-01
-4.945669359356176797e-01
-4.972344279090082919e-01
-4.989188756938798264e-01
-5.000829691587761472e-01
-5.005100701749556347e-01
-4.999416875636368829e-01
-4.986065724537358523e-01
-4.960956213767037104e-01
-4.926073550772308018e-01
-4.877752480769037557e-01
-4.816423900126899360e-01
-4.737793754287437653e-01
-4.644199586656244105e-01
-4.530154398675677596e-01
-4.397918055684569283e-01
-4.244129878773353348e-01
-4.068536921201584833e-01
-3.870934142293183111e-01
-3.648461026546286901e-01
-3.401076786638558835e-01
-3.132799383304954444e-01
-2.838506718374926296e-01
-2.522858817477539040e-01
-2.186070620912888285e-01
-1.829136772673812805e-01
-1.452801761039695938e-01
-1.062157226702578061e-01
-6.580191400062634921e-02
-2.446885245768448680e-02
1.786245209770842557e-02
6.054829019908114507e-02
1.033405111761022122e-01
1.458457408342088701e-01
1.874195158955809792e-01
2.282323212156908698e-01
2.678458984931335607e-01
3.055029165174291128e-01
3.411054468068827061e-01
3.746551638923181771e-01
4.053334421497708506e-01
4.333863575903456611e-01
4.584236978137993246e-01
4.801333366677819070e-01
4.985856032034994278e-01
5.135839054765820588e-01
5.250598585896959491e-01
5.330219711274393202e-01
5.376272650459008595e-01
5.388176345602057049e-01
5.366092121885822630e-01
5.313669394826797676e-01
5.229689153275023372e-01
5.117570659697054936e-01
4.977569285465509585e-01
4.813489345046462753e-01
4.626038621361900360e-01
4.419320871458031763e-01
4.191671158576661393e-01
3.949333734890281278e-01
3.693065830173492547e-01
3.423479458775814388e-01
3.144111510520078978e-01
2.854223782246025909e-01
2.555809524445110115e-01
2.250939102647079304e-01
1.941664374087634370e-01
1.625984278642747527e-01
1.309756952968392785e-01
9.886226759742466896e-02
6.656067507603125044e-02
3.396958842420255698e-02
1.237221998604265405e-03
-3.157688942017986000e-02
-6.455596328665974548e-02
-9.749395868610302718e-02
-1.305648297506525612e-01
-1.636658080532731041e-01
-1.964925221305955927e-01
-2.292466257750200298e-01
-2.617730762428461810e-01
-2.938629907794089724e-01
-3.254084595671933866e-01
-3.563461838192495956e-01
-3.863265760344773980e-01
-4.154327677503787952e-01
-4.432606633611179126e-01
-4.696366565458648390e-01
-4.944489887226688474e-01
-5.173463248862013586e-01
-5.383590852868966881e-01
-5.569564965839701731e-01
-5.732094783726783271e-01
-5.865491075249984476e-01
-5.971030078271291064e-01
-6.046079833114730295e-01
-6.087697317941402897e-01
-6.095017636391091287e-01
-6.067571977113581649e-01
-6.002760429493148031e-01
-5.901859148293628898e-01
-5.764372679478295680e-01
-5.585462771111731062e-01
-5.371864093484297609e-01
-5.120190741322083738e-01
-4.833667740611364838e-01
-4.510757228261840779e-01
-4.155491243822791447e-01
-3.770296241602784648e-01
-3.355143204456656481e-01
-2.914095260486179173e-01
