1.282500028610229492e-01
1.282515823841094971e-01
1.282325685024261475e-01
1.281967312097549438e-01
1.281505823135375977e-01
1.281326413154602051e-01
1.280381083488464355e-01
1.279834359884262085e-01
1.279079318046569824e-01
1.278557330369949341e-01
1.277429312467575073e-01
1.276979744434356689e-01
1.276475191116333008e-01
1.276133805513381958e-01
1.275583207607269287e-01
1.275663524866104126e-01
1.274951100349426270e-01
1.274566948413848877e-01
1.274365484714508057e-01
1.273107975721359253e-01
1.273040920495986938e-01
1.271794438362121582e-01
1.270864903926849365e-01
1.269928961992263794e-01
1.268634051084518433e-01
1.267405599355697632e-01
1.265688389539718628e-01
1.264811009168624878e-01
1.263400614261627197e-01
1.262417584657669067e-01
1.261114776134490967e-01
1.259749084711074829e-01
1.257830560207366943e-01
1.257247477769851685e-01
1.256410628557205200e-01
1.255188137292861938e-01
1.254549473524093628e-01
1.252564489841461182e-01
1.251772940158843994e-01
1.251385957002639771e-01
1.249597370624542236e-01
1.249428465962409973e-01
1.248027682304382324e-01
1.246586740016937256e-01
1.245514824986457825e-01
1.243710890412330627e-01
1.242454499006271362e-01
1.240084618330001831e-01
1.238404139876365662e-01
1.237488687038421631e-01
1.235485151410102844e-01
1.234159097075462341e-01
1.232197433710098267e-01
1.231149882078170776e-01
1.230082288384437561e-01
1.229061931371688843e-01
1.228641569614410400e-01
1.228062435984611511e-01
1.228009536862373352e-01
1.227957755327224731e-01
1.227588653564453125e-01
1.228537559509277344e-01
1.229030638933181763e-01
1.229652240872383118e-01
1.230481863021850586e-01
1.230491846799850464e-01
1.231595128774642944e-01
1.232274547219276428e-01
1.233152747154235840e-01
1.234095096588134766e-01
1.235123872756958008e-01
1.235422119498252869e-01
1.236289739608764648e-01
1.237326934933662415e-01
1.237325593829154968e-01
1.237942129373550415e-01
1.238088831305503845e-01
1.238713264465332031e-01
1.238667294383049011e-01
1.239119246602058411e-01
1.239902898669242859e-01
1.240113079547882080e-01
1.240518167614936829e-01
1.241307482123374939e-01
1.241271197795867920e-01
1.241230666637420654e-01
1.241819411516189575e-01
1.242383271455764771e-01
1.243042945861816406e-01
1.243359595537185669e-01
1.245158910751342773e-01
1.245327219367027283e-01
1.246265545487403870e-01
1.247714385390281677e-01
1.248387396335601807e-01
1.250642389059066772e-01
1.251692473888397217e-01
1.253423392772674561e-01
1.255735456943511963e-01
1.258013397455215454e-01
1.259888261556625366e-01
1.262470185756683350e-01
1.264421492815017700e-01
1.267435997724533081e-01
1.270786970853805542e-01
1.272915601730346680e-01
1.275357007980346680e-01
1.277318149805068970e-01
1.280501186847686768e-01
1.282323598861694336e-01
1.284502297639846802e-01
1.286052167415618896e-01
1.288800835609436035e-01
1.289281994104385376e-01
1.290853023529052734e-01
1.292326301336288452e-01
1.292425245046615601e-01
1.293024569749832153e-01
1.293301433324813843e-01
1.293128877878189087e-01
1.294539421796798706e-01
1.294697821140289307e-01
1.295891255140304565e-01
1.296378076076507568e-01
1.297092735767364502e-01
1.297479569911956787e-01
1.298324912786483765e-01
1.299630850553512573e-01
1.300258785486221313e-01
1.301017999649047852e-01
1.302581280469894409e-01
1.302486360073089600e-01
1.303628385066986084e-01
1.304463148117065430e-01
1.304364502429962158e-01
1.304273605346679688e-01
1.304737925529479980e-01
1.304821074008941650e-01
1.305073499679565430e-01
1.304929405450820923e-01
1.304364949464797974e-01
1.303635537624359131e-01
1.303820610046386719e-01
1.303270459175109863e-01
1.303306818008422852e-01
1.302341818809509277e-01
1.301753222942352295e-01
1.301281899213790894e-01
1.301567256450653076e-01
1.301080882549285889e-01
1.301266849040985107e-01
1.300850510597229004e-01
1.300784647464752197e-01
1.300728023052215576e-01
1.300849318504333496e-01
1.300591379404067993e-01
1.301211416721343994e-01
1.299511492252349854e-01
1.299703121185302734e-01
1.299413740634918213e-01
1.298031806945800781e-01
1.297325491905212402e-01
1.296309232711791992e-01
1.295197010040283203e-01
1.293871551752090454e-01
1.292886734008789062e-01
1.292333602905273438e-01
1.290598660707473755e-01
1.289812475442886353e-01
1.288471370935440063e-01
1.287797391414642334e-01
1.286646872758865356e-01
1.285634934902191162e-01
1.285164654254913330e-01
1.283954083919525146e-01
1.283251345157623291e-01
1.282357126474380493e-01
1.281927525997161865e-01
1.280710399150848389e-01
1.280015856027603149e-01
1.279771327972412109e-01
1.279260367155075073e-01
1.278650760650634766e-01
1.277156621217727661e-01
1.277212053537368774e-01
1.275861561298370361e-01
1.275422424077987671e-01
1.275252848863601685e-01
1.275222003459930420e-01
1.274371743202209473e-01
1.274278014898300171e-01
1.273614168167114258e-01
1.273138225078582764e-01
1.272595375776290894e-01
1.272553205490112305e-01
1.272955387830734253e-01
1.272372901439666748e-01
1.273248344659805298e-01
1.272479146718978882e-01
1.272685080766677856e-01
1.273454874753952026e-01
1.273808777332305908e-01
1.274009644985198975e-01
1.275080591440200806e-01
1.275494098663330078e-01
1.274760961532592773e-01
1.276587843894958496e-01
1.275423318147659302e-01
1.276929974555969238e-01
1.277804523706436157e-01
1.278322190046310425e-01
1.278401613235473633e-01
1.278454959392547607e-01
1.279213577508926392e-01
1.278727501630783081e-01
1.278782486915588379e-01
1.279296278953552246e-01
1.278313398361206055e-01
1.278643012046813965e-01
1.278713196516036987e-01
1.278400719165802002e-01
1.278780847787857056e-01
1.278780698776245117e-01
1.278542131185531616e-01
1.278636902570724487e-01
1.278055310249328613e-01
1.278957128524780273e-01
1.278290003538131714e-01
1.278478205204010010e-01
1.278778910636901855e-01
1.279204338788986206e-01
1.278899759054183960e-01
1.278944909572601318e-01
1.279128491878509521e-01
1.279121190309524536e-01
1.279693394899368286e-01
1.279524564743041992e-01
1.279938220977783203e-01
1.280750930309295654e-01
1.280697286128997803e-01
1.282146275043487549e-01
1.281079947948455811e-01
1.281670182943344116e-01
1.282944977283477783e-01
1.283177882432937622e-01
1.284389793872833252e-01
1.284787952899932861e-01
1.285080015659332275e-01
1.285823732614517212e-01
1.286130994558334351e-01
1.285971105098724365e-01
1.286776214838027954e-01
1.287241578102111816e-01
1.286956518888473511e-01
1.287438273429870605e-01
1.287149339914321899e-01
1.287226974964141846e-01
1.287032216787338257e-01
1.286786049604415894e-01
1.286579966545104980e-01
1.286984682083129883e-01
1.286504566669464111e-01
1.286373585462570190e-01
1.286198347806930542e-01
1.285926550626754761e-01
1.285232603549957275e-01
1.284968405961990356e-01
1.285166740417480469e-01
1.285048574209213257e-01
1.285080164670944214e-01
1.285223811864852905e-01
1.285774558782577515e-01
1.285723149776458740e-01
1.284541636705398560e-01
1.285565495491027832e-01
1.285578459501266479e-01
1.285088807344436646e-01
1.285184919834136963e-01
1.285145431756973267e-01
1.284089386463165283e-01
1.283492296934127808e-01
1.283529400825500488e-01
1.283196359872817993e-01
1.282176971435546875e-01
1.281964927911758423e-01
1.280887275934219360e-01
1.280224621295928955e-01
1.279617398977279663e-01
1.278492212295532227e-01
1.277958154678344727e-01
1.276626884937286377e-01
1.275892853736877441e-01
1.275063157081604004e-01
1.274586468935012817e-01
1.273297816514968872e-01
1.273824870586395264e-01
1.272634565830230713e-01
1.273623108863830566e-01
1.273604184389114380e-01
1.273821592330932617e-01
1.274239420890808105e-01
1.275013238191604614e-01
1.275394260883331299e-01
1.276410371065139771e-01
1.277415752410888672e-01
1.276940107345581055e-01
1.277553588151931763e-01
1.278562843799591064e-01
1.277935802936553955e-01
1.278131008148193359e-01
1.278165578842163086e-01
1.278267651796340942e-01
1.279178559780120850e-01
1.278990656137466431e-01
1.278334558010101318e-01
1.278001517057418823e-01
1.278043538331985474e-01
1.277541816234588623e-01
1.277219802141189575e-01
1.277277916669845581e-01
1.276210099458694458e-01
1.275492310523986816e-01
1.275473982095718384e-01
1.274617910385131836e-01
1.274325996637344360e-01
1.273579001426696777e-01
1.274311989545822144e-01
1.273749768733978271e-01
1.274060308933258057e-01
1.273176372051239014e-01
1.273291110992431641e-01
1.273258477449417114e-01
1.273812502622604370e-01
1.273658275604248047e-01
1.274576187133789062e-01
1.274216175079345703e-01
1.274935305118560791e-01
1.275778114795684814e-01
1.275206506252288818e-01
1.276274174451828003e-01
1.277132928371429443e-01
1.277961730957031250e-01
1.278703510761260986e-01
1.279581934213638306e-01
1.280690133571624756e-01
1.281729191541671753e-01
1.282721906900405884e-01
1.284013688564300537e-01
1.285022050142288208e-01
1.285627484321594238e-01
1.286218464374542236e-01
1.287917941808700562e-01
1.288258284330368042e-01
1.289281696081161499e-01
1.289567351341247559e-01
1.290722489356994629e-01
1.291048675775527954e-01
1.291216015815734863e-01
1.291794776916503906e-01
1.291675418615341187e-01
1.291586309671401978e-01
1.291730999946594238e-01
1.291774660348892212e-01
1.291026473045349121e-01
1.290108412504196167e-01
1.290116608142852783e-01
1.289119571447372437e-01
1.288332939147949219e-01
1.286921650171279907e-01
1.286617219448089600e-01
1.285763233900070190e-01
1.285451501607894897e-01
1.284446120262145996e-01
1.284557729959487915e-01
1.284219622611999512e-01
1.284142285585403442e-01
1.284020245075225830e-01
1.284206062555313110e-01
1.283425092697143555e-01
1.284398138523101807e-01
1.284616142511367798e-01
1.285127103328704834e-01
1.286054551601409912e-01
1.286426484584808350e-01
1.286169737577438354e-01
1.287041306495666504e-01
1.287134587764739990e-01
1.287435889244079590e-01
1.287234276533126831e-01
1.287738382816314697e-01
1.287350952625274658e-01
1.287981420755386353e-01
1.286798715591430664e-01
1.286388784646987915e-01
1.286015063524246216e-01
1.284763813018798828e-01
1.284404695034027100e-01
1.283171623945236206e-01
1.282784193754196167e-01
1.282366961240768433e-01
1.282213926315307617e-01
1.281916797161102295e-01
1.282056570053100586e-01
1.282466351985931396e-01
1.282351166009902954e-01
1.283236294984817505e-01
1.284365952014923096e-01
1.285257488489151001e-01
1.285161972045898438e-01
1.286203712224960327e-01
1.287419050931930542e-01
1.287765353918075562e-01
1.288305371999740601e-01
1.288257986307144165e-01
1.289168894290924072e-01
1.289126724004745483e-01
1.289058178663253784e-01
1.289089918136596680e-01
1.289133280515670776e-01
1.288371980190277100e-01
1.288919746875762939e-01
1.288346648216247559e-01
1.287878006696701050e-01
1.286429911851882935e-01
1.285987794399261475e-01
1.285950392484664917e-01
1.284689605236053467e-01
1.283293068408966064e-01
1.283096969127655029e-01
1.281528621912002563e-01
1.280913352966308594e-01
1.280423700809478760e-01
1.279408633708953857e-01
1.279000639915466309e-01
1.278559565544128418e-01
1.277940273284912109e-01
1.277821660041809082e-01
1.277554780244827271e-01
1.277627646923065186e-01
1.277628242969512939e-01
1.278257220983505249e-01
1.278170198202133179e-01
1.278623938560485840e-01
1.278540939092636108e-01
1.279530078172683716e-01
1.279573440551757812e-01
1.279687136411666870e-01
1.279978901147842407e-01
1.280195713043212891e-01
1.280149668455123901e-01
1.280586123466491699e-01
1.280867457389831543e-01
1.280931234359741211e-01
1.280418932437896729e-01
1.280117183923721313e-01
1.279700994491577148e-01
1.279311776161193848e-01
1.278291940689086914e-01
1.277147531509399414e-01
1.277158111333847046e-01
1.275344192981719971e-01
1.274945437908172607e-01
1.273592710494995117e-01
1.272170543670654297e-01
1.271496862173080444e-01
1.270192861557006836e-01
1.269566118717193604e-01
1.268480867147445679e-01
1.268135011196136475e-01
1.268004477024078369e-01
1.267898678779602051e-01
1.267978250980377197e-01
1.268687844276428223e-01
1.268619894981384277e-01
1.269606649875640869e-01
1.271234899759292603e-01
1.272008717060089111e-01
1.273315101861953735e-01
1.275140941143035889e-01
1.276373714208602905e-01
1.278181225061416626e-01
1.279870420694351196e-01
1.280423700809478760e-01
1.281859278678894043e-01
1.282192468643188477e-01
1.282812505960464478e-01
1.283288747072219849e-01
1.284060776233673096e-01
1.284051686525344849e-01
1.284147948026657104e-01
1.284169405698776245e-01
1.283963322639465332e-01
1.283795237541198730e-01
1.283095329999923706e-01
1.282719969749450684e-01
1.283022612333297729e-01
1.282348483800888062e-01
1.281757056713104248e-01
1.281480789184570312e-01
1.282048225402832031e-01
