3.000000119209289551e-01
3.226238787174224854e-01
3.447824716567993164e-01
3.662098348140716553e-01
3.866102397441864014e-01
4.058642387390136719e-01
4.237403273582458496e-01
4.400997757911682129e-01
4.549440741539001465e-01
4.680142402648925781e-01
4.791550636291503906e-01
4.883741438388824463e-01
4.953828752040863037e-01
5.001744031906127930e-01
5.026084780693054199e-01
5.026418566703796387e-01
5.000323057174682617e-01
4.949109852313995361e-01
4.871863722801208496e-01
4.767305254936218262e-01
4.637955725193023682e-01
4.481782317161560059e-01
4.300463199615478516e-01
4.094776809215545654e-01
3.865759968757629395e-01
3.614310920238494873e-01
3.341934084892272949e-01
3.051279187202453613e-01
2.741831541061401367e-01
2.417797297239303589e-01
2.079083323478698730e-01
1.730287969112396240e-01
1.369736194610595703e-01
1.003092378377914429e-01
6.291531026363372803e-02
2.534779906272888184e-02
-1.231119036674499512e-02
-4.995903372764587402e-02
-8.716031908988952637e-02
-1.239308118820190430e-01
-1.599414348602294922e-01
-1.951315402984619141e-01
-2.291284203529357910e-01
-2.617375254631042480e-01
-2.928462028503417969e-01
-3.224965929985046387e-01
-3.502809405326843262e-01
-3.760265111923217773e-01
-3.997691273689270020e-01
-4.214336872100830078e-01
-4.407746195793151855e-01
-4.577463865280151367e-01
-4.722968935966491699e-01
-4.845106005668640137e-01
-4.942528605461120605e-01
-5.015478730201721191e-01
-5.064987540245056152e-01
-5.089687108993530273e-01
-5.091915130615234375e-01
-5.071074962615966797e-01
-5.027742981910705566e-01
-4.965239167213439941e-01
-4.882934689521789551e-01
-4.781682491302490234e-01
-4.662413001060485840e-01
-4.525589942932128906e-01
-4.376217126846313477e-01
-4.211437702178955078e-01
-4.035698175430297852e-01
-3.846395015716552734e-01
-3.647563457489013672e-01
-3.438954949378967285e-01
-3.221218585968017578e-01
-2.995880246162414551e-01
-2.761764526367187500e-01
-2.523010969161987305e-01
-2.276445031166076660e-01
-2.025989294052124023e-01
-1.767959892749786377e-01
-1.508189141750335693e-01
-1.242523193359375000e-01
-9.750232100486755371e-02
-7.038778066635131836e-02
-4.316201806068420410e-02
-1.549315452575683594e-02
1.226094365119934082e-02
3.988784551620483398e-02
6.752870976924896240e-02
9.473544359207153320e-02
1.220890581607818604e-01
1.490119248628616333e-01
1.750432550907135010e-01
2.005227506160736084e-01
2.252471745014190674e-01
2.487059533596038818e-01
2.710478007793426514e-01
2.918557822704315186e-01
3.108266890048980713e-01
3.281815946102142334e-01
3.434084057807922363e-01
3.564102351665496826e-01
3.669294714927673340e-01
3.748622238636016846e-01
3.802981674671173096e-01
3.828490972518920898e-01
3.823726773262023926e-01
3.789338469505310059e-01
3.724861145019531250e-01
3.633095622062683105e-01
3.508693575859069824e-01
3.357269763946533203e-01
3.178064823150634766e-01
2.973786890506744385e-01
2.742139995098114014e-01
2.488931119441986084e-01
2.216181308031082153e-01
1.923983693122863770e-01
1.616285145282745361e-01
1.295061260461807251e-01
9.626679122447967529e-02
6.236906349658966064e-02
2.772328257560729980e-02
-6.806015968322753906e-03
-4.156953096389770508e-02
-7.589244842529296875e-02
-1.097538173198699951e-01
-1.427446305751800537e-01
-1.747957766056060791e-01
-2.057477831840515137e-01
-2.352220416069030762e-01
-2.633739709854125977e-01
-2.897678017616271973e-01
-3.144648075103759766e-01
-3.374733924865722656e-01
-3.584463596343994141e-01
-3.775216341018676758e-01
-3.948794007301330566e-01
-4.101978540420532227e-01
-4.237026572227478027e-01
-4.353563785552978516e-01
-4.451310634613037109e-01
-4.531376361846923828e-01
-4.597521424293518066e-01
-4.647060632705688477e-01
-4.683206081390380859e-01
-4.703064560890197754e-01
-4.711895585060119629e-01
-4.710764288902282715e-01
-4.699535965919494629e-01
-4.677949547767639160e-01
-4.649409651756286621e-01
-4.612964391708374023e-01
-4.570765495300292969e-01
-4.523233771324157715e-01
-4.470186233520507812e-01
-4.411724805831909180e-01
-4.351226687431335449e-01
-4.283829331398010254e-01
-4.214395284652709961e-01
-4.140103459358215332e-01
-4.063029885292053223e-01
-3.980807065963745117e-01
-3.892603516578674316e-01
-3.802370429039001465e-01
-3.705092668533325195e-01
-3.602928519248962402e-01
-3.494048118591308594e-01
-3.379502892494201660e-01
-3.257609605789184570e-01
-3.126326799392700195e-01
-2.988106012344360352e-01
-2.840397357940673828e-01
-2.684339284896850586e-01
-2.518651485443115234e-01
-2.343350052833557129e-01
-2.158486843109130859e-01
-1.962648034095764160e-01
-1.759118139743804932e-01
-1.544855237007141113e-01
-1.322332322597503662e-01
-1.091797649860382080e-01
-8.543321490287780762e-02
-6.106308102607727051e-02
-3.636685013771057129e-02
-1.130658388137817383e-02
1.375544071197509766e-02
3.884360194206237793e-02
6.354592740535736084e-02
8.764410018920898438e-02
1.111070513725280762e-01
1.335361599922180176e-01
1.548036485910415649e-01
1.746520102024078369e-01
1.927682161331176758e-01
2.091048359870910645e-01
2.233878076076507568e-01
2.353739440441131592e-01
2.451228052377700806e-01
2.521359324455261230e-01
2.566451430320739746e-01
2.585244476795196533e-01
2.576861083507537842e-01
2.540800869464874268e-01
2.478451579809188843e-01
2.388699203729629517e-01
2.273068577051162720e-01
2.136002629995346069e-01
1.973623186349868774e-01
1.792673170566558838e-01
1.593180149793624878e-01
1.376200169324874878e-01
1.146207004785537720e-01
9.047795832157135010e-02
6.532248854637145996e-02
3.960672020912170410e-02
1.362922787666320801e-02
-1.258894801139831543e-02
-3.863069415092468262e-02
-6.440201401710510254e-02
-8.973708748817443848e-02
-1.140512526035308838e-01
-1.378672122955322266e-01
-1.604137122631072998e-01
-1.818258762359619141e-01
-2.019685506820678711e-01
-2.208003997802734375e-01
-2.384039163589477539e-01
-2.543061971664428711e-01
-2.688958644866943359e-01
-2.820801734924316406e-01
-2.938508391380310059e-01
-3.043103218078613281e-01
-3.133119344711303711e-01
-3.212534785270690918e-01
-3.279519081115722656e-01
-3.336928486824035645e-01
-3.384466171264648438e-01
-3.421176075935363770e-01
-3.451575636863708496e-01
-3.473521471023559570e-01
-3.490851521492004395e-01
-3.500692844390869141e-01
-3.506432175636291504e-01
-3.508799672126770020e-01
-3.507089018821716309e-01
-3.502012491226196289e-01
-3.493296504020690918e-01
-3.481709957122802734e-01
-3.468842506408691406e-01
-3.452547192573547363e-01
-3.431438207626342773e-01
-3.410225510597229004e-01
-3.384323716163635254e-01
-3.355041146278381348e-01
-3.322551846504211426e-01
-3.283007144927978516e-01
-3.239803314208984375e-01
-3.189796805381774902e-01
-3.132332563400268555e-01
-3.069351315498352051e-01
-2.995834946632385254e-01
-2.914900779724121094e-01
-2.823532223701477051e-01
-2.721747756004333496e-01
-2.609047293663024902e-01
-2.485926151275634766e-01
-2.350026965141296387e-01
-2.203032374382019043e-01
-2.043235301971435547e-01
-1.872478127479553223e-01
-1.690816879272460938e-01
-1.496340036392211914e-01
-1.293773651123046875e-01
-1.081726551055908203e-01
-8.614218235015869141e-02
-6.348884105682373047e-02
-4.028439521789550781e-02
-1.679217815399169922e-02
6.801515817642211914e-03
3.043645620346069336e-02
5.361460149288177490e-02
7.639048993587493896e-02
9.840708971023559570e-02
1.195079088211059570e-01
1.391959339380264282e-01
1.574166119098663330e-01
1.741162836551666260e-01
1.890072226524353027e-01
2.018057703971862793e-01
2.124400734901428223e-01
2.208390831947326660e-01
2.267361581325531006e-01
2.300638556480407715e-01
2.310170531272888184e-01
2.292027473449707031e-01
2.250929772853851318e-01
2.181980609893798828e-01
2.092244923114776611e-01
1.978079676628112793e-01
1.842212677001953125e-01
1.687272787094116211e-01
1.513984203338623047e-01
1.324841082096099854e-01
1.122494041919708252e-01
9.080502390861511230e-02
6.831967830657958984e-02
4.535216093063354492e-02
2.184998989105224609e-02
-1.931309700012207031e-03
-2.565088868141174316e-02
-4.919987916946411133e-02
-7.228508591651916504e-02
-9.476861357688903809e-02
-1.165088117122650146e-01
-1.375151276588439941e-01
-1.573208272457122803e-01
-1.762199997901916504e-01
-1.938218474388122559e-01
-2.103477120399475098e-01
-2.255449295043945312e-01
-2.395644783973693848e-01
-2.524736523628234863e-01
-2.640424370765686035e-01
-2.744624018669128418e-01
-2.838448286056518555e-01
-2.919391393661499023e-01
-2.992255091667175293e-01
-3.056558370590209961e-01
-3.111904263496398926e-01
-3.157778978347778320e-01
-3.199027180671691895e-01
-3.232780694961547852e-01
-3.261307477951049805e-01
-3.286234736442565918e-01
-3.305113911628723145e-01
-3.320743441581726074e-01
-3.334273099899291992e-01
-3.345016837120056152e-01
-3.351038098335266113e-01
-3.356428742408752441e-01
-3.357599377632141113e-01
-3.358882069587707520e-01
-3.354703783988952637e-01
-3.348646759986877441e-01
-3.338224291801452637e-01
-3.325620889663696289e-01
-3.306933641433715820e-01
-3.283870220184326172e-01
-3.254383206367492676e-01
-3.217707276344299316e-01
-3.173148632049560547e-01
-3.121302723884582520e-01
-3.059085011482238770e-01
-2.988254427909851074e-01
-2.904747128486633301e-01
-2.811019420623779297e-01
-2.703552246093750000e-01
-2.585012316703796387e-01
-2.452697157859802246e-01
-2.307149171829223633e-01
-2.148638963699340820e-01
-1.977671384811401367e-01
-1.792485415935516357e-01
-1.595801115036010742e-01
-1.389767229557037354e-01
-1.171053051948547363e-01
-9.444239735603332520e-02
-7.102382183074951172e-02
-4.695880413055419922e-02
-2.254712581634521484e-02
2.110898494720458984e-03
2.673742175102233887e-02
5.109159648418426514e-02
7.501412928104400635e-02
9.822693467140197754e-02
1.204391568899154663e-01
1.413315087556838989e-01
1.609085500240325928e-01
1.787135004997253418e-01
1.946902275085449219e-01
2.087313234806060791e-01
2.203800976276397705e-01
2.298007309436798096e-01
2.366262078285217285e-01
2.407483160495758057e-01
2.424668669700622559e-01
2.414800524711608887e-01
2.378613948822021484e-01
2.316527366638183594e-01
2.230344414710998535e-01
2.119567990303039551e-01
1.987595558166503906e-01
1.832712590694427490e-01
1.660543680191040039e-01
1.470577418804168701e-01
1.266667395830154419e-01
1.049335598945617676e-01
8.224131166934967041e-02
5.878141522407531738e-02
3.477966785430908203e-02
1.052862405776977539e-02
-1.388901472091674805e-02
-3.813707828521728516e-02
-6.222170591354370117e-02
-8.574226498603820801e-02
-1.085717380046844482e-01
-1.307724416255950928e-01
-1.518790125846862793e-01
-1.721164882183074951e-01
-1.914096474647521973e-01
-2.096017003059387207e-01
-2.266241908073425293e-01
-2.424837946891784668e-01
-2.570661306381225586e-01
-2.708010077476501465e-01
-2.833256721496582031e-01
-2.946001887321472168e-01
-3.052373528480529785e-01
-3.146900534629821777e-01
-3.232597708702087402e-01
-3.310947418212890625e-01
-3.381167054176330566e-01
-3.445025682449340820e-01
-3.501881957054138184e-01
-3.554672598838806152e-01
-3.603292703628540039e-01
-3.645774722099304199e-01
-3.685149550437927246e-01
-3.722210526466369629e-01
-3.753511309623718262e-01
-3.784642815589904785e-01
-3.811307549476623535e-01
-3.833804726600646973e-01
-3.853471875190734863e-01
-3.869113326072692871e-01
-3.880765438079833984e-01
-3.888231515884399414e-01
-3.889510035514831543e-01
-3.883993029594421387e-01
-3.871827125549316406e-01
-3.853512406349182129e-01
-3.824691772460937500e-01
-3.787716031074523926e-01
-3.738630414009094238e-01
-3.679359555244445801e-01
-3.606365323066711426e-01
-3.519204854965209961e-01
-3.419645428657531738e-01
-3.305231928825378418e-01
-3.176094889640808105e-01
-3.031033873558044434e-01
-2.871909737586975098e-01
-2.694604396820068359e-01
-2.502234578132629395e-01
-2.294189333915710449e-01
-2.071804404258728027e-01
-1.834741234779357910e-01
-1.586109101772308350e-01
-1.326080560684204102e-01
-1.056130230426788330e-01
-7.772478461265563965e-02
-4.932776093482971191e-02
-2.035433053970336914e-02
8.697122335433959961e-03
3.763708472251892090e-02
6.623415648937225342e-02
9.434778988361358643e-02
1.215368509292602539e-01
1.476592123508453369e-01
1.722772419452667236e-01
1.952900290489196777e-01
2.163665294647216797e-01
2.353580296039581299e-01
2.520216107368469238e-01
2.662862837314605713e-01
2.779359519481658936e-01
2.867051362991333008e-01
2.926948070526123047e-01
2.959218323230743408e-01
2.960488200187683105e-01
2.934820652008056641e-01
2.879780530929565430e-01
2.796522080898284912e-01
2.688426673412322998e-01
2.554189860820770264e-01
2.395829558372497559e-01
2.216817736625671387e-01
2.021521329879760742e-01
1.805691719055175781e-01
1.574329137802124023e-01
1.334291398525238037e-01
1.080835312604904175e-01
8.196866512298583984e-02
5.523580312728881836e-02
2.825254201889038086e-02
9.035766124725341797e-04
-2.625709772109985352e-02
-5.357101559638977051e-02
-8.033663034439086914e-02
-1.066704988479614258e-01
