0.000000000000000000e+00
-1.158972982029993215e-03
-6.085794010513012608e-04
1.219900214216168566e-03
3.994910073374213777e-03
7.459171113697787847e-03
1.141213363093736971e-02
1.569015173379510741e-02
2.015525340223606188e-02
2.468704817368272408e-02
2.917600140202875059e-02
3.352011383754374685e-02
3.762360200259445842e-02
4.139895657858538858e-02
4.476403420929014887e-02
4.765343931624249629e-02
5.000975188371031832e-02
5.179068102413286745e-02
5.297537180048034200e-02
5.355316983897606686e-02
5.354151663991602028e-02
5.296911179291796667e-02
5.188223800341107417e-02
5.034426192629637420e-02
4.842809458624341978e-02
4.621649619138235021e-02
4.379527151758633163e-02
4.125346223686598979e-02
3.867864594598913186e-02
3.614763932826159376e-02
3.372816173688486519e-02
3.147501162892241133e-02
2.942740213602190735e-02
2.760354542869020156e-02
2.600742774936148916e-02
2.462268231161146570e-02
2.341311757212177769e-02
2.233270794192909747e-02
2.131816035318301328e-02
2.030576696742147913e-02
1.922132870498144408e-02
1.799562888113781511e-02
1.656494430884802860e-02
1.487708597187356596e-02
1.288879580465825125e-02
1.057945774616623341e-02
7.941344437285263042e-03
4.989914374751974052e-03
1.747886360035671993e-03
-1.733078511798102905e-03
-5.407595000032155985e-03
-9.204411016712626958e-03
-1.306466172733078412e-02
-1.692169017422628929e-02
-2.072263202790619596e-02
-2.442014964514555020e-02
-2.798251284545971718e-02
-3.139455736270829744e-02
-3.465807890498751043e-02
-3.779285317414393663e-02
-4.083909842840083293e-02
-4.384684991886511618e-02
-4.688322074867262712e-02
-5.002111780212870062e-02
-5.333757480625600511e-02
-5.691386084409899571e-02
-6.082025533121815375e-02
-6.511935926074097214e-02
-6.985908249626726629e-02
-7.506571964509167749e-02
-8.074761963796650566e-02
-8.688133275612164308e-02
-9.341855409114729891e-02
-1.002842515788963107e-01
-1.073743600962104860e-01
-1.145632927021243974e-01
-1.216955537022258449e-01
-1.286097089782137770e-01
-1.351214448280416147e-01
-1.410484220112687148e-01
-1.462033953409370701e-01
-1.504159863140714926e-01
-1.535233722100223519e-01
-1.553846512163467031e-01
-1.558909582925387394e-01
-1.549597677419742303e-01
-1.525416751592622300e-01
-1.486228717794211562e-01
-1.432243394404274506e-01
-1.363956581742064855e-01
-1.282156936812855197e-01
-1.187892950614845844e-01
-1.082369135671945592e-01
-9.669374812050354762e-02
-8.429782802344792936e-02
-7.119212513339912007e-02
-5.751446898712903044e-02
-4.339444195950009631e-02
-2.895065612939978772e-02
-1.428761084163882034e-02
5.045625276534626558e-04
1.535092173570568042e-02
3.018892349375584816e-02
4.496820384439320639e-02
5.964863777670614819e-02
7.419297584725104144e-02
8.856828435315022841e-02
1.027398118799860427e-01
1.166667780622179240e-01
1.303000117324789597e-01
1.435790556523933725e-01
1.564296090249300275e-01
1.687632093235937325e-01
1.804785221582249632e-01
1.914567832960232252e-01
2.015692457161504803e-01
2.106787734881566121e-01
2.186438539725528707e-01
2.253243581336122348e-01
2.305842776014156992e-01
2.343016833397257304e-01
2.363717157122062762e-01
2.367124780989612320e-01
2.352724985635418486e-01
2.320316055236577579e-01
2.270045167581345447e-01
2.202363740815214410e-01
2.118134505550932356e-01
2.018491437922558529e-01
1.904859291313691916e-01
1.778848914674963089e-01
1.642295078758100046e-01
1.497093530441175602e-01
1.345107633086080057e-01
1.188242408883495582e-01
1.028165167904343535e-01
8.665286974614710980e-02
7.045758095184206926e-02
5.434329435668944219e-02
3.839048622703528091e-02
2.265038520184053938e-02
7.144643035228881445e-03
-8.127644193987149102e-03
-2.318668322741979093e-02
-3.806967006789774288e-02
-5.283029537717309765e-02
-6.753997227432845252e-02
-8.223593608299462066e-02
-9.698058501193052017e-02
-1.118200028133635726e-01
-1.267694034794109581e-01
-1.418362786163798184e-01
-1.570168276453965950e-01
-1.722563089168948625e-01
-1.874757014712052361e-01
-2.025953134486335738e-01
-2.174949168514760389e-01
-2.320372792840915133e-01
-2.460707503213179215e-01
-2.594446334963411704e-01
-2.719886513975312559e-01
-2.835572873836417207e-01
-2.940019016356526516e-01
-3.031944059380518586e-01
-3.110234807208291929e-01
-3.174035322575782248e-01
-3.222803453516131511e-01
-3.256355369748754058e-01
-3.274396330905088304e-01
-3.277302410696183999e-01
-3.265385745337666124e-01
-3.239351552006827228e-01
-3.199721842948375916e-01
-3.147104547682149089e-01
-3.082247461622819595e-01
-3.005698973786981587e-01
-2.918027728513508112e-01
-2.819425098096058901e-01
-2.710094950143221437e-01
-2.589997410926063726e-01
-2.458775377325664313e-01
-2.316237900703493890e-01
-2.161696341803283627e-01
-1.994444706395245848e-01
-1.813853338659955350e-01
-1.619331357231080237e-01
-1.410229948667624522e-01
-1.185897915970366978e-01
-9.463764165854382515e-02
-6.913535871421727652e-02
-4.212135790804194535e-02
-1.366855310243908495e-02
1.613935089938173251e-02
4.716060186952519828e-02
7.921233568511065748e-02
1.120897637348095555e-01
1.455497113906361051e-01
1.793192372205909546e-01
2.131027012359523742e-01
2.466035777861525502e-01
2.794942932947777070e-01
3.114824282029278746e-01
3.422566077989971367e-01
3.715471140342290202e-01
3.990805051943441817e-01
4.246500378677106058e-01
4.480430660036476831e-01
4.691083853177161478e-01
4.877210288557469187e-01
5.037941376632232293e-01
5.172688231732636144e-01
5.281069547283507859e-01
5.363085376963560025e-01
5.418647675141745612e-01
5.448172120361013393e-01
5.451622564359268619e-01
5.429371872939541266e-01
5.381604034699600803e-01
5.308454171233825125e-01
5.209964396405692977e-01
5.086061663885748096e-01
4.936686806621701229e-01
4.761478172445972601e-01
4.560481181308600473e-01
4.333270897303003744e-01
4.079813448540321463e-01
3.800065587495035646e-01
3.494101208327807240e-01
3.162355487532729770e-01
2.805415545813823575e-01
2.424372885287952029e-01
2.020441991192721276e-01
1.595323925953247568e-01
1.151253840595782285e-01
6.905878679619925631e-02
2.163095593317804211e-02
-2.684269966317159861e-02
-7.602374391079386173e-02
-1.255453406266516803e-01
-1.750144017166660459e-01
-2.240647624167106944e-01
-2.723105916123853554e-01
-3.193819320326873878e-01
-3.649320978530061210e-01
-4.086487081654168740e-01
-4.502294532242260283e-01
-4.894240892593066938e-01
-5.260290368717560616e-01
-5.598438250060542298e-01
-5.907448070773005933e-01
-6.186088813221978233e-01
-6.433640859421357883e-01
-6.649541954288722412e-01
-6.833275273947596595e-01
-6.984640298714900331e-01
-7.103511663382975350e-01
-7.189620167150145846e-01
-7.242679418606654540e-01
-7.262558603490041342e-01
-7.248806458660674856e-01
-7.201011824674572459e-01
-7.118682132105107474e-01
-7.001154223365300133e-01
-6.847928715674971301e-01
-6.658339094933924951e-01
-6.432028173879457134e-01
-6.168540873649182021e-01
-5.867767006877357971e-01
-5.529796456989815034e-01
-5.155080267898610735e-01
-4.744497036748713259e-01
-4.299220659039537096e-01
-3.821028380760626564e-01
-3.312093314324190407e-01
-2.775019847896866843e-01
-2.212963361038345900e-01
-1.629460979371436524e-01
-1.028446920965483957e-01
-4.140467756813914768e-02
2.093138011374778840e-02
8.369850787354962685e-02
1.464432597909897660e-01
2.087061176158402920e-01
2.700427892840125965e-01
3.300329641320333129e-01
3.882748806340935444e-01
4.444068550266405682e-01
4.980977997970900129e-01
5.490605642701686939e-01
5.970176498358432671e-01
6.417449041277205612e-01
6.830667691184750812e-01
7.207954828578855277e-01
7.547820708703742998e-01
7.849075239460284736e-01
8.110557787864074442e-01
8.330984426627062733e-01
8.509522886404962128e-01
8.645058593902977817e-01
8.736609869195864908e-01
8.783051648348974005e-01
8.783489980655752039e-01
8.736836421006877185e-01
8.642350022343756599e-01
8.499208322483293720e-01
8.306737000238436641e-01
8.064559414017338224e-01
7.772576974527092286e-01
7.431102493159276179e-01
7.040791496090902379e-01
6.602712224908618976e-01
6.118642965306255732e-01
5.590633666448475703e-01
5.021367783621393244e-01
4.414282369165000719e-01
3.773077293243667918e-01
3.102184241162881939e-01
2.406013278684671908e-01
1.689881995525202574e-01
9.590459308961107876e-02
2.189819695290373680e-02
-5.247213452120569332e-02
-1.266538061517265557e-01
-2.000923011609962998e-01
-2.722771758569605405e-01
-3.427085670766923942e-01
-4.109254517140765173e-01
-4.764886364513405970e-01
-5.390227071769692069e-01
-5.981689334696516092e-01
-6.536263941231846841e-01
-7.051159230671303346e-01
-7.523939810881232759e-01
-7.952572224656383471e-01
-8.335062808842552684e-01
-8.669835531558148789e-01
-8.955412062469587653e-01
-9.190490731264067126e-01
-9.373781103288973959e-01
-9.504228295498966528e-01
-9.580858207829445750e-01
-9.602768718510830137e-01
-9.569251870286281658e-01
-9.479689553930195078e-01
-9.333748274193928163e-01
-9.131278800517268479e-01
-8.872505021194521113e-01
-8.557960965193327496e-01
-8.188606263979191224e-01
-7.765856950886997900e-01
-7.291647817515578556e-01
-6.768397271510184776e-01
-6.199115261092038587e-01
-5.587398923690679586e-01
-4.937326284623269612e-01
-4.253519364477236220e-01
-3.540933640338138622e-01
-2.805131309657913352e-01
-2.051797399539868894e-01
-1.286833038253750172e-01
-5.163053501977073190e-02
2.538024483599490844e-02
1.017527494903004703e-01
1.769215703377405302e-01
2.503412127548046429e-01
3.215143174224515121e-01
3.899786808002903560e-01
4.553063115499960123e-01
5.171456633908679823e-01
5.751638252434937426e-01
6.290872233012739789e-01
6.786826358892965594e-01
7.237674380117515849e-01
7.641754036198785682e-01
7.997803366539316672e-01
8.304869199632533006e-01
8.562018469010820310e-01
8.768727853243295511e-01
8.924415436787891398e-01
9.028512875563254880e-01
9.080885058140835131e-01
9.081165992366933004e-01
9.029173288773089112e-01
8.925015522447675709e-01
8.768611755243969075e-01
8.560374523310516626e-01
8.300660425303769685e-01
7.990398464803636358e-01
7.630542945147391620e-01
7.222630001838943326e-01
6.768461970419823448e-01
6.270340355200157978e-01
5.731099429718713445e-01
5.153714739457548877e-01
4.541988255211832914e-01
3.899910459708315069e-01
3.232055029071942975e-01
2.543051886292643227e-01
1.837961537329940720e-01
1.121858715354833447e-01
4.001948027200117469e-02
-3.220521446805024723e-02
-1.039529805734465961e-01
-1.747373763667105229e-01
-2.440882727069693670e-01
-3.115714901569834328e-01
-3.767671706868842563e-01
-4.393205452649124876e-01
-4.989011358522512096e-01
-5.552087105117278210e-01
-6.079912176659069134e-01
-6.570275513345718021e-01
-7.021101857511879984e-01
-7.430801862119865708e-01
-7.797825861015257320e-01
-8.120786703974330889e-01
-8.398609327080329701e-01
-8.630106468318793356e-01
-8.814343007016223197e-01
-8.950338502105301686e-01
-9.037340262550579428e-01
-9.074500051947621548e-01
-9.061253143552954192e-01
-8.997090086166344980e-01
-8.881689121899053463e-01
-8.714961721344585133e-01
-8.497081771254064719e-01
-8.228591146152443025e-01
-7.910337972785919103e-01
-7.543621092079291213e-01
-7.130161139108723845e-01
-6.672187328221855784e-01
-6.172375514746737402e-01
-5.633855882101358459e-01
-5.060255062641382251e-01
-4.455597801891696408e-01
-3.824298525640476565e-01
-3.170994789611784048e-01
-2.500576299784912915e-01
-1.818021573515638534e-01
-1.128378364139511897e-01
-4.365980169308338737e-02
2.524870368750035954e-02
9.343212201864994904e-02
1.604586431653745038e-01
2.259339834616379827e-01
2.894952813229766386e-01
3.508159268437472389e-01
4.096117080609831262e-01
4.656318994224315500e-01
5.186539944376531430e-01
5.684888889204547935e-01
6.149581964542969459e-01
6.579154093446711871e-01
6.972161872840629826e-01
7.327278416918134862e-01
7.643218277301556673e-01
7.918710280725480555e-01
8.152370475796817395e-01
8.343003368441128664e-01
8.489191991502440526e-01
8.589579331964590780e-01
8.642807666346801199e-01
8.647629939547546440e-01
8.602938412851255379e-01
8.507525711628977083e-01
8.360704875514999301e-01
8.161986816841194647e-01
7.911140177033042509e-01
7.608409398081350528e-01
7.254526957275428956e-01
6.850600336987928696e-01
6.398470203633167541e-01
5.900272632486032176e-01
5.358806546595508147e-01
4.777470916023817127e-01
4.160081748685975356e-01
3.510802983602595573e-01
2.834086233976024771e-01
2.135104635006078999e-01
1.418872405498512179e-01
6.906885621387720553e-02
-4.396889936377351704e-03
-7.798435091369426697e-02
-1.511442760382219197e-01
-2.233483696477744640e-01
-2.940672650745619343e-01
-3.627854646150867612e-01
-4.290127960221495895e-01
-4.922396187476044127e-01
-5.520008688400979135e-01
-6.078156642980337976e-01
-6.592093316925852209e-01
-7.057374395540223500e-01
-7.469422515226229464e-01
-7.823655594760761112e-01
-8.115758246868267634e-01
-8.341360178485937027e-01
-8.496261773337421275e-01
-8.576443688412095367e-01
