-5.960464483090177623e-09
8.990383993039696708e-04
3.554185795370257139e-03
7.668306520435902440e-03
1.294659949968801627e-02
1.910239284758119549e-02
2.586384313694478632e-02
3.297879886301102736e-02
4.021987699297446817e-02
4.738771217505677313e-02
5.431364633945395815e-02
6.085957542180364666e-02
6.691859119944165712e-02
7.241127836546012997e-02
7.728388750137654695e-02
8.150402826907077181e-02
8.505457206723254782e-02
8.793054524707927255e-02
9.013264873641818609e-02
9.166186848026269818e-02
9.251681459501243099e-02
9.268802457500285863e-02
9.215663461497874964e-02
9.089160028889631260e-02
8.885121435750992225e-02
8.598205666728439556e-02
8.222124700445940237e-02
7.750068112574776125e-02
7.175124940636790072e-02
6.490576209992526824e-02
5.690848848727074472e-02
4.771631350154642570e-02
3.730776488436939042e-02
2.568714098709272420e-02
1.288889532990834461e-02
-1.018261620179088112e-03
-1.593085140432977387e-02
-3.170936696475248895e-02
-4.818008811315092899e-02
-6.513676838230894606e-02
-8.234814339661131188e-02
-9.956174914528770348e-02
-1.165137470057157620e-01
-1.329341185842941586e-01
-1.485594468353442221e-01
-1.631366298177658325e-01
-1.764349537035816984e-01
-1.882514642872007427e-01
-1.984145201990189511e-01
-2.067933398015120994e-01
-2.132952725770038693e-01
-2.178688564717251586e-01
-2.205024425377591357e-01
-2.212222319832929940e-01
-2.200877808111180722e-01
-2.171850741359024894e-01
-2.126260457637582091e-01
-2.065337066580644199e-01
-1.990439100645237658e-01
-1.902923064499387751e-01
-1.804130525700995413e-01
-1.695304520101726387e-01
-1.577554496128748540e-01
-1.451830831333756344e-01
-1.318885334937105469e-01
-1.179305861844303638e-01
-1.033482901522486119e-01
-8.816592898417663360e-02
-7.239571499866109816e-02
-5.604271880447014853e-02
-3.910953066100295028e-02
-2.160165904105711132e-02
-3.535231233673878648e-03
1.505983518457947555e-02
3.413299917722101284e-02
5.360970565034743618e-02
7.339063870203577089e-02
9.334677141351159502e-02
1.133219853669118482e-01
1.331378824731637434e-01
1.525913952809271890e-01
1.714656933373786551e-01
1.895342484813568040e-01
2.065676515410787561e-01
2.223417634574265667e-01
2.366460638350224022e-01
2.492897602038715021e-01
2.601071496454482324e-01
2.689655085808006496e-01
2.757675009877531003e-01
2.804504890418914598e-01
2.829928453391057364e-01
2.834080109364915390e-01
2.817439457969197480e-01
2.780806294092671438e-01
2.725220734299318992e-01
2.651935646868374130e-01
2.562342625719651878e-01
2.457908907242680741e-01
2.340110765264623027e-01
2.210387419996724945e-01
2.070071300841421769e-01
1.920367512072124194e-01
1.762306895977316934e-01
1.596728711354218899e-01
1.424286286519034217e-01
1.245453518694360773e-01
1.060535738822548368e-01
8.697213644266996169e-02
6.731246959995323964e-02
4.708283474156794990e-02
2.629598271177918667e-02
4.973158520145903871e-03
-1.684873458810180399e-02
-3.911264901052183274e-02
-6.173716770875736781e-02
-8.461379613322526916e-02
-1.076060489521247499e-01
-1.305493135727432974e-01
-1.532529169045565853e-01
-1.755035220568199605e-01
-1.970720156999263284e-01
-2.177183834623239722e-01
-2.371985261036764214e-01
-2.552733993748936281e-01
-2.717153939701689724e-01
-2.863159790260415005e-01
-2.988930508578148126e-01
-3.092947098110241377e-01
-3.174044863142390649e-01
-3.231439916366515841e-01
-3.264731906030503006e-01
-3.273902686504567838e-01
-3.259301913700115017e-01
-3.221612463300639884e-01
-3.161797347244696965e-01
-3.081058229617010813e-01
-2.980773140781302066e-01
-2.862435903692031602e-01
-2.727594559044905775e-01
-2.577791686700237062e-01
-2.414514210153436702e-01
-2.239144813860819982e-01
-2.052921360625143965e-01
-1.856935570628801546e-01
-1.652105493147201232e-01
-1.439179206546333800e-01
-1.218755224934633674e-01
-9.913215265164812551e-02
-7.572797049837884376e-02
-5.170072727933186507e-02
-2.709095090519499094e-02
-1.946606297149260090e-03
2.367016487924183954e-02
4.967936092639502893e-02
7.597738932824760205e-02
1.024356216965496141e-01
1.288997717731817372e-01
1.551883167858739421e-01
1.810944150601633829e-01
2.063911772079915496e-01
2.308360070119044316e-01
2.541745705388578913e-01
2.761510747775375862e-01
2.965124676026377193e-01
3.150182445108968832e-01
3.314463069780194115e-01
3.456000489023899891e-01
3.573118984391470132e-01
3.664502885815117961e-01
3.729215652346539178e-01
3.766697429080293480e-01
3.776774564392945122e-01
3.759655826847231319e-01
3.715893034757346003e-01
3.646340953465198598e-01
3.552124549313560586e-01
3.434567354484007740e-01
3.295160910744492355e-01
3.135470583313209048e-01
2.957126891160073989e-01
2.761736223377148081e-01
2.550851996803308319e-01
2.325940575420277767e-01
2.088344903330295876e-01
1.839292408296411274e-01
1.579869527922225236e-01
1.311059950586858647e-01
1.033745479128005407e-01
7.487506693586720719e-02
4.568827710206366244e-02
1.589899576212781829e-02
-1.440100716366821132e-02
-4.510540296719067754e-02
-7.609219550244104846e-02
-1.072178651149211237e-01
-1.383147319665914143e-01
-1.691915480538398187e-01
-1.996332612209672785e-01
-2.294023701227828616e-01
-2.582447319671492547e-01
-2.858917395682802898e-01
-3.120683410772601141e-01
-3.364990945185941107e-01
-3.589152873461541882e-01
-3.790627160991933975e-01
-3.967090030959314340e-01
-4.116489365312370197e-01
-4.237087332779309046e-01
-4.327539930643709010e-01
-4.386859518518022028e-01
-4.414516445907306075e-01
-4.410352979280203201e-01
-4.374631157392570024e-01
-4.307960165400710473e-01
-4.211312121708131739e-01
-4.085929364890845683e-01
-3.933295938153479887e-01
-3.755097939686828923e-01
-3.553133346991637631e-01
-3.329289677370544376e-01
-3.085459017528151549e-01
-2.823546790057418487e-01
-2.545356079171018915e-01
-2.252638149485441943e-01
-1.947008831435502740e-01
-1.629995829634279803e-01
-1.303009394106623420e-01
-9.673724575313885632e-02
-6.243447632788154400e-02
-2.751533773072931122e-02
7.894164359301902856e-03
4.366352267258492847e-02
7.965273673154163458e-02
1.157059313768418751e-01
1.516519696485040813e-01
1.872990471681274249e-01
2.224354210546766464e-01
2.568299267124358742e-01
2.902343159240863280e-01
3.223847891076814243e-01
3.530088324619285456e-01
3.818300210457339916e-01
4.085739153899550224e-01
4.329740355427064147e-01
4.547821425534924744e-01
4.737696480671206301e-01
4.897360335158436606e-01
5.025151490410739719e-01
5.119731935355701369e-01
5.180184987570560784e-01
5.205962079520779495e-01
5.196926596328088621e-01
5.153312579201791976e-01
5.075719767645139324e-01
4.965061281945084559e-01
4.822549509331381934e-01
4.649631782871833652e-01
4.447938720689710301e-01
4.219258152494027025e-01
3.965454755411411680e-01
3.688447492507113123e-01
3.390167877001624697e-01
3.072503854152610625e-01
2.737312061142716524e-01
2.386357363974834223e-01
2.021346763260812862e-01
1.643912156661249679e-01
1.255633553195171781e-01
8.580568130252730352e-02
4.527276060662699386e-02
4.123744306343268828e-03
-3.747567567812429279e-02
-7.934863621986848470e-02
-1.213023252911142602e-01
-1.631281678690029435e-01
-2.045989840291918549e-01
-2.454677244882963461e-01
-2.854697419312167139e-01
-3.243248247840234688e-01
-3.617405761744831860e-01
-3.974172899338004883e-01
-4.310526378323582541e-01
-4.623506178017862678e-01
-4.910250434149660559e-01
-5.168077605071013103e-01
-5.394543497636855589e-01
-5.587483192577478164e-01
-5.745072338445271765e-01
-5.865860851476824012e-01
-5.948787322319654125e-01
-5.993169443825004938e-01
-5.998752038128299935e-01
-5.965649857942626477e-01
-5.894342729282341375e-01
-5.785670682801444809e-01
-5.640744815822800184e-01
-5.460947598571452843e-01
-5.247874881048372186e-01
-5.003295621532338755e-01
-4.729118329755566119e-01
-4.427323375726490706e-01
-4.099945692538999320e-01
-3.749039357083394086e-01
-3.376654445721586906e-01
-2.984820074747431828e-01
-2.575550972189542542e-01
-2.150811190537049167e-01
-1.712575654407157977e-01
-1.262805203119700959e-01
-8.034968851753809815e-02
-3.366920068534726140e-02
1.354647271535588948e-02
6.107240492923475539e-02
1.086722599798040090e-01
1.560917613534493487e-01
2.030636273964009086e-01
2.493007573173938729e-01
2.945069755896432273e-01
3.383704100749413968e-01
3.805754066649645884e-01
4.208029866157854681e-01
4.587368486327635941e-01
4.940695683666718740e-01
5.265078601672736891e-01
5.557793506604856715e-01
5.816401873866392513e-01
6.038752463642402812e-01
6.223017411190028270e-01
6.367777540743116971e-01
6.471975202264113047e-01
6.534946414258913094e-01
6.556417473230460313e-01
6.536494173938666163e-01
6.475615694909144793e-01
6.374558471779393498e-01
6.234375850795472740e-01
6.056384246877096755e-01
5.842115696994649721e-01
5.593273500369150275e-01
5.311711822750032619e-01
4.999375067310679599e-01
4.658308537377328085e-01
4.290598503575898670e-01
3.898358500942876725e-01
3.483742235762771200e-01
3.048901707495220159e-01
2.596031201314984438e-01
2.127334971598329183e-01
1.645064185243301225e-01
1.151547205020160003e-01
6.491729507135240995e-02
1.404360517643432615e-02
-3.720323159305635730e-02
-8.855031953618998364e-02
-1.397075106905197872e-01
-1.903743030629019839e-01
-2.402367186555827705e-01
-2.889713063914932656e-01
-3.362492002301148419e-01
-3.817394090607701962e-01
-4.251140043670172952e-01
-4.660530472772118626e-01
-5.042516586370531240e-01
-5.394228882598006702e-01
-5.713060625569106321e-01
-5.996673140383042000e-01
-6.243066886951127437e-01
-6.450584939977878074e-01
-6.617940193220477330e-01
-6.744209614154051957e-01
-6.828847145693648368e-01
-6.871662130508748856e-01
-6.872805424415252551e-01
-6.832729631160164852e-01
-6.752187953627113437e-01
-6.632158693924711246e-01
-6.473871893172982173e-01
-6.278721573554366664e-01
-6.048247056556896872e-01
-5.784132738866762935e-01
-5.488135771128430651e-01
-5.162094181045115970e-01
-4.807903790424200574e-01
-4.427502871312212207e-01
-4.022871028591309406e-01
-3.596026129753931988e-01
-3.149030583694327201e-01
-2.684015627840977136e-01
-2.203166473793966018e-01
-1.708775013410910870e-01
-1.203222854885928339e-01
-6.890180050375976917e-02
-1.688144665774488073e-02
3.546133268117276915e-02
8.783404895395749423e-02
1.399324945487562810e-01
1.914406988332854886e-01
2.420348957778215571e-01
2.913873226872698563e-01
3.391690596502285882e-01
3.850568617768126423e-01
4.287355578433053038e-01
4.699048177839464380e-01
5.082823817458872462e-01
5.436095658724000579e-01
5.756528961541375056e-01
6.042082416361380659e-01
6.291008615270601290e-01
6.501884436850693394e-01
6.673586852167231465e-01
6.805309905382390667e-01
6.896539453164075573e-01
6.947036821551797470e-01
6.956812179903110183e-01
6.926134033777365806e-01
6.855455424559409039e-01
6.745444413513301818e-01
6.596919351923791197e-01
6.410862775503815003e-01
6.188384408917104729e-01
5.930722000285675310e-01
5.639229193358852310e-01
5.315366447192801935e-01
4.960715927288410487e-01
4.576961430670882236e-01
4.165928905547068295e-01
3.729576534732212956e-01
3.269987270211127672e-01
2.789431745632974802e-01
2.290341403955156174e-01
1.775336004165451453e-01
1.247213110478755937e-01
7.089584004240112591e-02
1.637422145130712492e-02
-3.851249182871079035e-02
-9.341760435964485687e-02
-1.479850821507967540e-01
-2.018536378271032772e-01
-2.546589969887390614e-01
-3.060407906448247006e-01
-3.556469754762870417e-01
-4.031381927117472785e-01
-4.481936842010181832e-01
-4.905140873815273528e-01
-5.298259940671161683e-01
-5.658833943213155138e-01
-5.984699451007005067e-01
-6.273992727475743436e-01
-6.525175470559722024e-01
-6.736969478633871855e-01
-6.908422889304687287e-01
-7.038864950254074548e-01
-7.127840519207201408e-01
-7.175170800389415460e-01
-7.180879238298738532e-01
-7.145202949223588007e-01
-7.068547247142452639e-01
-6.951499325314779432e-01
-6.794800059904627654e-01
-6.599348278638196286e-01
-6.366182412155247938e-01
-6.096501214725216222e-01
-5.791632154846190206e-01
-5.453074613937973769e-01
-5.082496020408973081e-01
-4.681711948341724661e-01
-4.252756487893606940e-01
-3.797814499557221612e-01
-3.319320508927311453e-01
-2.819889230208870168e-01
-2.302336558085310569e-01
-1.769696170769568533e-01
-1.225198914220793633e-01
-6.722351187082836743e-02
-1.143355104417995149e-02
4.448456358610718142e-02
1.001607138265158542e-01
1.552194051922370643e-01
2.092903247709786418e-01
2.620089717684910835e-01
3.130228648867017238e-01
3.619949288128452292e-01
4.086071475899462069e-01
4.525647800113124508e-01
4.935970943236051012e-01
5.314593472386325290e-01
5.659321692592471642e-01
5.968228465500982072e-01
6.239646980922146646e-01
6.472145068247073807e-01
6.664525939665054688e-01
6.815825705481090013e-01
6.925259412909956502e-01
6.992257633642073866e-01
7.016421606071124861e-01
6.997533659114432147e-01
6.935550514320082405e-01
6.830592115746507709e-01
6.682963617884850605e-01
