0.000000000000000000e+00
6.961015844297868682e-05
-1.920942420112314863e-03
-5.441152717256092508e-03
-9.992200024424358062e-03
-1.511597932995589755e-02
-2.040083771306389071e-02
-2.548890196025732635e-02
-3.007721350400260896e-02
-3.392119194973575169e-02
-3.683391452434348068e-02
-3.868530208295450912e-02
-3.939908273886477685e-02
-3.894969431815209493e-02
-3.735774615065357018e-02
-3.468267648293121841e-02
-3.102035296825950139e-02
-2.649210262663009852e-02
-2.123962081011510072e-02
-1.542156207569650439e-02
-9.200052430478000698e-03
-2.742401460725935047e-03
3.791007810229840569e-03
1.024744271835914544e-02
1.649018457514239699e-02
2.239941728672243532e-02
2.787277384576417397e-02
3.283101176159079065e-02
3.722012211970987527e-02
4.100181683539641520e-02
4.417054297375819227e-02
4.673016522218514934e-02
4.870887611885768576e-02
5.014850730075592899e-02
5.110658861178501988e-02
5.164811483648534818e-02
5.184594205331705119e-02
5.177410743896820877e-02
5.150708570517137375e-02
5.112177221919655956e-02
5.068466054656117770e-02
5.025947225543148100e-02
4.989811041998182262e-02
4.964960702568965711e-02
4.954440190897990703e-02
4.961235947857922657e-02
4.986815500761421216e-02
5.032031896558708528e-02
5.097296248199989499e-02
5.181602741274060620e-02
5.283699048905954321e-02
5.402223606646955334e-02
5.534911443905382589e-02
5.679177720718830980e-02
5.832015912822119397e-02
5.990738076378432364e-02
6.151115611206342537e-02
6.309911588017408368e-02
6.462531106840158079e-02
6.604720074621883708e-02
6.731203547149955391e-02
6.836582349254677338e-02
6.915157526084919626e-02
6.960720046908425163e-02
6.967288965376827736e-02
6.927767204116308530e-02
6.835692109693897178e-02
6.684460113288956395e-02
6.467577059141355056e-02
6.179091618590060175e-02
5.813304462011967266e-02
5.365833604112757449e-02
4.832956587142930860e-02
4.212311817079905651e-02
3.502828024715853861e-02
2.704724615952297517e-02
1.820845856115377304e-02
8.546497302173161614e-03
-1.883030047665268381e-03
-1.299911248116442097e-02
-2.471487237268088499e-02
-3.692266690183171329e-02
-4.950137688116407197e-02
-6.231879620433500300e-02
-7.523672708060208381e-02
-8.810902422638999809e-02
-1.007882530839186996e-01
-1.131319466135339846e-01
-1.249989627471160825e-01
-1.362532372527855973e-01
-1.467785866430960096e-01
-1.564615675477315504e-01
-1.652103413621588412e-01
-1.729457909239349722e-01
-1.796034451721068570e-01
-1.851387799947206703e-01
-1.895196608148740913e-01
-1.927298906582766147e-01
-1.947644466405065167e-01
-1.956334160825126123e-01
-1.953517502057875999e-01
-1.939460528272730078e-01
-1.914449475440159198e-01
-1.878818115489273854e-01
-1.832930144045505638e-01
-1.777146906523547343e-01
-1.711812847291903361e-01
-1.637295785725851327e-01
-1.553927554891454677e-01
-1.462025885560118144e-01
-1.361916353578147554e-01
-1.253899210697926592e-01
-1.138332278694140498e-01
-1.015565890889687517e-01
-8.859866362759258318e-02
-7.500410317081351863e-02
-6.082309336201335848e-02
-4.611553707726567808e-02
-3.094554307649532987e-02
-1.538784324619790755e-02
4.741778489236181393e-04
1.655172137736660165e-02
3.274536117315107742e-02
4.895417840332283443e-02
6.507093649696005233e-02
8.098747192197880418e-02
9.659470382033386038e-02
1.117876984559157405e-01
1.264646443221486005e-01
1.405316032670267945e-01
1.539010106967301783e-01
1.664989794227162978e-01
1.782589326914354455e-01
1.891259614696155222e-01
1.990577124540316434e-01
2.080211069817263780e-01
2.159945859063149287e-01
2.229643791730115954e-01
2.289258466178352713e-01
2.338753160214721571e-01
2.378185001162688716e-01
2.407619740498494754e-01
2.427093836698827334e-01
2.436704995440173438e-01
2.436461301464066809e-01
2.426376934703126653e-01
2.406404685680388900e-01
2.376535739030402883e-01
2.336640412655255350e-01
2.286625951822203184e-01
2.226362009197292990e-01
2.155700328099031671e-01
2.074569354272722821e-01
1.982853145559401176e-01
1.880562497591760085e-01
1.767698229358881101e-01
1.644374016021956653e-01
1.510836270510833579e-01
1.367376519016598180e-01
1.214398339117958581e-01
1.052449611301639054e-01
8.821873332584484473e-02
7.042997425368363595e-02
5.196294827241926262e-02
3.290525997603882535e-02
1.335067128852990281e-02
-6.603566720303710724e-03
-2.686057328861912730e-02
-4.732539900797971821e-02
-6.790640362398531193e-02
-8.850945694489009696e-02
-1.090575613470238792e-01
-1.294739572185309440e-01
-1.496866640996959430e-01
-1.696316133180204022e-01
-1.892526521285132768e-01
-2.084970906737128038e-01
-2.273128105633140938e-01
-2.456495751664334315e-01
-2.634608810023658654e-01
-2.806906525735160529e-01
-2.972841000240902254e-01
-3.131754545125710054e-01
-3.282945409705922968e-01
-3.425633934354889165e-01
-3.558924315338114486e-01
-3.681872957147797054e-01
-3.793358224839116222e-01
-3.892300606631068360e-01
-3.977467491589428694e-01
-4.047648516335509150e-01
-4.101575005305381771e-01
-4.138004647295213112e-01
-4.155714728476361808e-01
-4.153607515706189135e-01
-4.130646142185406267e-01
-4.085902428015367738e-01
-4.018659033112880752e-01
-3.928342626751703537e-01
-3.814543047085962590e-01
-3.677175425405642684e-01
-3.516229893686601549e-01
-3.332028553717697461e-01
-3.125021254550732208e-01
-2.895933095084584630e-01
-2.645599472881265402e-01
-2.375148443431586154e-01
-2.085747218733025043e-01
-1.778737711627410567e-01
-1.455602283045215328e-01
-1.117783264439717872e-01
-7.670189792120418737e-02
-4.048988736388492438e-02
-3.321279319297043564e-03
3.463523391807932228e-02
7.319151764912595892e-02
1.121675278998381931e-01
1.513801368857350393e-01
1.906326789394018340e-01
2.297342024600950161e-01
2.684804114780264817e-01
3.066740607205090674e-01
3.440929289236640543e-01
3.805326796027232450e-01
4.157641619962215707e-01
4.495678263472505098e-01
4.817135282947521691e-01
5.119707322650340897e-01
5.401119364940680789e-01
5.659094218551701250e-01
5.891492367594943769e-01
6.096126522628445565e-01
6.271027213950068901e-01
6.414396678048001066e-01
6.524540761034401948e-01
6.600087530858641527e-01
6.639830897894544171e-01
6.642852549298486897e-01
6.608544332660378773e-01
6.536637510501890347e-01
6.427082018604592939e-01
6.280214072283361038e-01
6.096668435128919095e-01
5.877355109923070309e-01
5.623402140579438768e-01
5.336296569510639021e-01
5.017687070542198313e-01
4.669335847626510660e-01
4.293348601561961519e-01
3.891747232026931957e-01
3.466809173510123632e-01
3.020803137189814191e-01
2.556087752468272356e-01
2.075033837138257620e-01
1.580047726173475775e-01
1.073510615688045289e-01
5.578606906716593317e-02
3.553498785517361647e-03
-4.910681685028528420e-02
-1.019458353560221409e-01
-1.547189643805200465e-01
-2.071746798242086463e-01
-2.590559955692639527e-01
-3.101076722512327022e-01
-3.600635741298985337e-01
-4.086602916026868537e-01
-4.556232230648084025e-01
-5.006802165093271473e-01
-5.435557150795797821e-01
-5.839775545052079408e-01
-6.216769634261012367e-01
-6.563878601883436081e-01
-6.878571797154470202e-01
-7.158460565623894212e-01
-7.401258457147935621e-01
-7.604918103845904609e-01
-7.767650805238092149e-01
-7.887885203700087944e-01
-7.964332409707520766e-01
-7.996040386381044751e-01
-7.982358578605627253e-01
-7.922990085344197020e-01
-7.817913657117019355e-01
-7.667498245416937142e-01
-7.472392732299735219e-01
-7.233560702963257594e-01
-6.952257417024028108e-01
-6.629950630783882914e-01
-6.268356385238910145e-01
-5.869490571071616092e-01
-5.435472044827444060e-01
-4.968530025106306924e-01
-4.471180256926026164e-01
-3.945981946640423899e-01
-3.395596895716317398e-01
-2.822887186132060910e-01
-2.230737602057492053e-01
-1.622131297676227546e-01
-1.000164565246268733e-01
-3.680144146567096430e-02
2.709679119029920202e-02
9.134518386818815672e-02
1.555932347803176408e-01
2.194900462162424626e-01
2.826714911681294518e-01
3.447664711526658432e-01
4.053977656785625605e-01
4.641927582569285726e-01
5.207713046416778679e-01
5.747600688646427036e-01
6.257905054505281672e-01
6.735076218093071221e-01
7.175640339909354903e-01
7.576306999020343547e-01
7.934137103121164936e-01
8.246325554646303235e-01
8.510488941691832787e-01
8.724404326123155196e-01
8.886402159789954514e-01
8.995079223503887889e-01
9.049486354445411829e-01
9.049122777687206298e-01
8.993852500714505371e-01
8.883993672859469282e-01
8.720168648992526750e-01
8.503417850680617951e-01
8.235230004222460209e-01
7.917315360862499096e-01
7.551632758338335805e-01
7.140556532421453717e-01
6.686574262152753523e-01
6.192421749414116494e-01
5.661042826550486406e-01
5.095537399885046170e-01
4.499123084422331775e-01
3.875193012210267907e-01
3.227191450319137900e-01
2.558736198504522052e-01
1.873548378795829583e-01
1.175407183480834672e-01
4.682349231293941871e-02
-2.440269760519105102e-02
-9.572560139370106524e-02
-1.667318312690753146e-01
-2.370014780092033480e-01
-3.061042593840015424e-01
-3.736163377213284620e-01
-4.391020682727158619e-01
-5.021361526896950256e-01
-5.622979794864650938e-01
-6.191711515622615458e-01
-6.723596141332626175e-01
-7.214828174078935508e-01
-7.661795303907859012e-01
-8.061248330366203030e-01
-8.410148961377468257e-01
-8.705904606483878538e-01
-8.946254543967133710e-01
-9.129420915488304367e-01
-9.254050782002656295e-01
-9.319296090308254454e-01
-9.324744530775346263e-01
-9.270479436625430614e-01
-9.157086734793927763e-01
-8.985558892919952578e-01
-8.757387538986652897e-01
-8.474407265142507306e-01
-8.138881705399692024e-01
-7.753385554126916990e-01
-7.320810167408298152e-01
-6.844273805479830219e-01
-6.327192086151145478e-01
-5.773088906345276161e-01
-5.185727558081778543e-01
-4.568935696014652104e-01
-3.926699273450919847e-01
-3.263006324958185322e-01
-2.581990088783578940e-01
-1.887793501137287056e-01
-1.184553699408705391e-01
-4.764845298524768291e-02
2.322741297791149073e-02
9.375436957664601278e-02
1.635185973495379419e-01
2.321087324484261138e-01
2.991213080346301623e-01
3.641570407441471202e-01
4.268307770785778610e-01
4.867575614229569525e-01
5.435819409640904043e-01
5.969511808942963293e-01
6.465430747431094582e-01
6.920542219014803598e-01
7.332008860656952232e-01
7.697389927605245985e-01
8.014477153689221200e-01
8.281482764061118829e-01
8.496919246709295770e-01
8.659693152284347883e-01
8.769121018284203872e-01
8.824897955440392794e-01
8.827110344289464949e-01
8.776222245644822451e-01
8.673058715801378327e-01
8.518774659075655231e-01
8.314851903344262496e-01
8.063046978285379751e-01
7.765382482749932924e-01
7.424042762903246828e-01
7.041482521826925023e-01
6.620258242655867598e-01
6.163069825429767779e-01
5.672739917666794751e-01
5.152154068112632102e-01
4.604244187665637034e-01
4.032114074156414318e-01
3.438762020644358097e-01
2.827371557261452173e-01
2.201087264189401926e-01
1.563139230185336959e-01
9.167752344225317540e-02
2.653443427943471405e-02
-3.877982576444190255e-02
-1.039257952565952187e-01
-1.685543043933713236e-01
-2.323169961159502472e-01
-2.948599039316533998e-01
-3.558258025906679833e-01
-4.148668037575958811e-01
-4.716279726572427666e-01
-5.257647231481886729e-01
-5.769384834749373692e-01
-6.248248219990943930e-01
-6.691140308289676986e-01
-7.095114540585902851e-01
-7.457532618356121912e-01
-7.775945166246602813e-01
-8.048195612817286015e-01
-8.272503000602238199e-01
-8.447331360433166791e-01
-8.571554772585882054e-01
-8.644380259024969648e-01
-8.665358538694349910e-01
-8.634427713345014244e-01
-8.551833668628185947e-01
-8.418194766970346077e-01
-8.234432684050885243e-01
-8.001775100567061205e-01
-7.721687487963768692e-01
-7.395985738525242548e-01
-7.026572536408630665e-01
-6.615686874161778031e-01
-6.165826030940968483e-01
-5.679493987148448442e-01
-5.159515183143636996e-01
-4.608829215285863423e-01
-4.030559696966778960e-01
-3.427919957920930738e-01
-2.804334165505904530e-01
-2.163272480194830538e-01
-1.508405667613466061e-01
-8.434696026906852995e-02
-1.723640565733595975e-02
5.010103160157666768e-02
1.172631923287581757e-01
1.838339434130079331e-01
2.494121772419656546e-01
3.135779639340919855e-01
3.759307611484459244e-01
4.360607846293804712e-01
4.935775678072478190e-01
5.481025136015023058e-01
5.992715194708595483e-01
6.467400247446575268e-01
6.901889564655543374e-01
7.293313233352003433e-01
7.639036080479728597e-01
7.936823780072128631e-01
8.184680001645034952e-01
8.381134571791740706e-01
8.524982189094190144e-01
8.615394896913891598e-01
8.651947865529806547e-01
8.634503591155471280e-01
8.563344080999766295e-01
8.438997352245902750e-01
8.262383414482843413e-01
8.034632194224287094e-01
7.757141849901093567e-01
7.431597513479593076e-01
7.059844887972155369e-01
6.643991505270430142e-01
6.186366126519914355e-01
5.689394146242191530e-01
5.155792656895473725e-01
4.588423415680772943e-01
3.990306263412487509e-01
3.364701898938241009e-01
2.714988886923082045e-01
2.044740702459793003e-01
