1.192092896618035525e-08
-1.942358321571246993e-03
-4.917493074991785562e-03
-8.394223661991162544e-03
-1.194081918873973747e-02
-1.521368001658873759e-02
-1.794771123162303139e-02
-1.994521206130453472e-02
-2.106778472144466008e-02
-2.122651070644093751e-02
-2.037523122964922384e-02
-1.850203252369779505e-02
-1.562258623947338637e-02
-1.177493835824207011e-02
-7.012748283486386347e-03
-1.403581934660426411e-03
4.978478586000326112e-03
1.205329207407454528e-02
1.973695743721334828e-02
2.794507665008921782e-02
3.659067410483771154e-02
4.558734020849661284e-02
5.484831328668729467e-02
6.428408633522578186e-02
7.380533951789236546e-02
8.331929002852422883e-02
9.273077215993996703e-02
1.019397605018730890e-01
1.108428324525790876e-01
1.193331260508548319e-01
1.272993301469751981e-01
1.346281608487627235e-01
1.412042205793745397e-01
1.469133136216326796e-01
1.516425567424021792e-01
1.552836548639413561e-01
1.577380019296032998e-01
1.589143136106488940e-01
1.587365501884363539e-01
1.571421508007726509e-01
1.540871995510152415e-01
1.495478243654261852e-01
1.435204113450554431e-01
1.360232425795026012e-01
1.270969814331011360e-01
1.168030366836988465e-01
1.052227822268081148e-01
9.245571961440776643e-02
7.861943642876925709e-02
6.384169111896259574e-02
4.826489210382964301e-02
3.203353531770807699e-02
1.530227978972286546e-02
-1.777651810457466647e-03
-1.905256891674063369e-02
-3.637499490302009697e-02
-5.360233401271305431e-02
-7.059974710780064777e-02
-8.724038669329392537e-02
-1.034074017027773185e-01
-1.189916103466042707e-01
-1.338944528093549691e-01
-1.480252329344236006e-01
-1.613006123045419571e-01
-1.736441732420012651e-01
-1.849836273389717789e-01
-1.952524295608346616e-01
-2.043856989877724240e-01
-2.123216906119494984e-01
-2.190008127572010133e-01
-2.243634082060503299e-01
-2.283527705004368968e-01
-2.309154426894982626e-01
-2.319994811238283439e-01
-2.315598480306366169e-01
-2.295556377773926848e-01
-2.259573409104877473e-01
-2.207430051233001400e-01
-2.139056043189482281e-01
-2.054515357404945730e-01
-1.954041837334282161e-01
-1.838018736157295274e-01
-1.707042613718361412e-01
-1.561879282877844943e-01
-1.403466520494655589e-01
-1.232927064403734341e-01
-1.051542600273175920e-01
-8.607169100860184718e-02
-6.619789983995930105e-02
-4.569393404137814252e-02
-2.472684328490647176e-02
-3.465333948621536486e-03
1.792239210338580566e-02
3.927040444210422310e-02
6.042042561937904788e-02
8.122011917740715181e-02
1.015293662546304099e-01
1.212184353103585577e-01
1.401697222116429775e-01
1.582777776524375291e-01
1.754504099089075064e-01
1.916050608186582460e-01
2.066724603136283478e-01
2.205901724497832395e-01
2.333038547829024978e-01
2.447660780874637010e-01
2.549333136578704750e-01
2.637641427181737774e-01
2.712201890054142805e-01
2.772618662900800945e-01
2.818507242407387592e-01
2.849484024845387320e-01
2.865155445640196752e-01
2.865146033074607579e-01
2.849099556005508238e-01
2.816691043784182447e-01
2.767668134863345841e-01
2.701844291534800657e-01
2.619130418597566123e-01
2.519559889186917534e-01
2.403315608517746504e-01
2.270719410072462585e-01
2.122277641154194927e-01
1.958654624637512498e-01
1.780707025011242228e-01
1.589448455397087789e-01
1.386064561196921896e-01
1.171892337085523594e-01
9.483873421518210223e-02
7.171226324394994189e-02
4.797472156894361239e-02
2.379626983808715707e-02
-6.503055143216446288e-04
-2.519106423069109035e-02
-4.965600525726233255e-02
-7.387755457211872545e-02
-9.769804691894982962e-02
-1.209636715022800457e-01
-1.435325334529861940e-01
-1.652725573872849407e-01
-1.860588969593957864e-01
-2.057784788786437002e-01
-2.243265628392270838e-01
-2.416067995533567325e-01
-2.575316015355630372e-01
-2.720170552179137502e-01
-2.849835400105772965e-01
-2.963615735021724040e-01
-3.060794715120464526e-01
-3.140679925109095549e-01
-3.202658758436920383e-01
-3.246089525243877061e-01
-3.270367764331050808e-01
-3.274973258290588274e-01
-3.259442750831711977e-01
-3.223340323671252117e-01
-3.166364264823500196e-01
-3.088329392211897062e-01
-2.989185844726661712e-01
-2.869026310605232166e-01
-2.728166399902792194e-01
-2.567059643577230821e-01
-2.386403197552918187e-01
-2.187080704269931952e-01
-1.970214914909184656e-01
-1.737114567092792883e-01
-1.489270291070959040e-01
-1.228333401712927431e-01
-9.561883176398153217e-02
-6.747511423734139924e-02
-3.860975723470667920e-02
-9.231249899065679942e-03
2.044194323998025503e-02
5.019039784381343350e-02
7.980167346952693475e-02
1.090642005935175407e-01
1.377777371545029772e-01
1.657444096035359804e-01
1.927818128503752393e-01
2.187182613676199872e-01
2.433904300637788343e-01
2.666555955797976774e-01
2.883747697728090142e-01
3.084233195514616277e-01
3.266895118047152824e-01
3.430739084128656136e-01
3.574826187239071307e-01
3.698273736457101668e-01
3.800399357797406008e-01
3.880433305578928627e-01
3.937789592237829206e-01
3.971941116829688645e-01
3.982382496622421941e-01
3.968728782365514851e-01
3.930704450941136519e-01
3.868109084618158167e-01
3.780878493417680342e-01
3.669098581635537593e-01
3.533025260095533082e-01
3.373047998668092240e-01
3.189818639336411410e-01
2.984108427832207755e-01
2.756980452750354971e-01
2.509631902168598661e-01
2.243553246988350125e-01
1.960347543831928441e-01
1.661878354603461005e-01
1.350134422300788006e-01
1.027266034565159636e-01
6.955228085191136889e-02
3.572567988899419400e-02
1.489418872903824909e-03
-3.291632254125577417e-02
-6.724430545933118841e-02
-1.012604178522971132e-01
-1.347249210192922320e-01
-1.674154884198125193e-01
-1.991166263767732980e-01
-2.296260850383290419e-01
-2.587524291615302396e-01
-2.863194078310675739e-01
-3.121665975964065254e-01
-3.361408660513876545e-01
-3.581154237839394017e-01
-3.779633379192972598e-01
-3.955788610327103383e-01
-4.108645305907156486e-01
-4.237324624940095874e-01
-4.341073472440303282e-01
-4.419212248576378510e-01
-4.471187803067485089e-01
-4.496483634016040787e-01
-4.494692554966651654e-01
-4.465559821079385650e-01
-4.408853331320905511e-01
-4.324550864985781118e-01
-4.212700391777349784e-01
-4.073516784574504612e-01
-3.907389293066111935e-01
-3.714927321899996193e-01
-3.496853223954218826e-01
-3.254160248366931296e-01
-2.988030402067866076e-01
-2.699868634829898362e-01
-2.391253940975240355e-01
-2.064024653626889139e-01
-1.720170348808886529e-01
-1.361825784705066877e-01
-9.913441455908139632e-02
-6.111208389539338204e-02
-2.237051409313500772e-02
1.683364458539568509e-02
5.623731332343084865e-02
9.557547834412256915e-02
1.345888386145812077e-01
1.730230839743625293e-01
2.106280281311643798e-01
2.471626281292955696e-01
2.824013252924965078e-01
3.161257158361871489e-01
3.481331409664766285e-01
3.782338386311217548e-01
4.062506344855937312e-01
4.320233024595474536e-01
4.554013823396004246e-01
4.762534720026533330e-01
4.944539157613846991e-01
5.098948239046299236e-01
5.224770708121491136e-01
5.321147450186274330e-01
5.387340758579325373e-01
5.422709064134494383e-01
5.426763748538292464e-01
5.399131051281487181e-01
5.339565121417154669e-01
5.248000159562051792e-01
5.124534564322956731e-01
4.969445589365285576e-01
4.783192006124392659e-01
4.566456662481441775e-01
4.320172534896208894e-01
4.045452646269241392e-01
3.743679557606448549e-01
3.416457306323160692e-01
3.065606883416059913e-01
2.693190356839833544e-01
2.301445448674939720e-01
1.892803008592668368e-01
1.469826858107046164e-01
1.035282311504067687e-01
5.919797831005746414e-02
1.427630864520557097e-02
-3.093864074229966954e-02
-7.615210848869566340e-02
-1.210732184079299500e-01
-1.654142856831281039e-01
-2.088882780209261325e-01
-2.512275797842268288e-01
-2.921681757747651709e-01
-3.314603434274294713e-01
-3.688648442148461104e-01
-4.041621648669507239e-01
-4.371422947580123619e-01
-4.676154891384803891e-01
-4.954047308085380297e-01
-5.203451590121217496e-01
-5.422915492139390725e-01
-5.611108364079160360e-01
-5.766876502852147368e-01
-5.889189000269813290e-01
-5.977160489584901759e-01
-6.030112586294594790e-01
-6.047450490644916687e-01
-6.028778072239063812e-01
-5.973918616453683939e-01
-5.882843034119665804e-01
-5.755758436670743716e-01
-5.592996665354975638e-01
-5.395237907676387890e-01
-5.163329827585183551e-01
-4.898374351309611185e-01
-4.601723102694603718e-01
-4.274977210240655801e-01
-3.919994370260351246e-01
-3.538831628514018668e-01
-3.133786442160841346e-01
-2.707349693427119619e-01
-2.262229318093851305e-01
-1.801216619119246909e-01
-1.327299946457813906e-01
-8.435140030990545545e-02
-3.529763251974266103e-02
1.411524218957148358e-02
6.357255351755480843e-02
1.127573847530903006e-01
1.613623604676743262e-01
2.090866315706703948e-01
2.556370842669734023e-01
3.007321513371579158e-01
3.441033401910199574e-01
3.854967977903673293e-01
4.246724350610651122e-01
4.614070119615226173e-01
4.954909083972823258e-01
5.267353754311980829e-01
5.549631367937727378e-01
5.800170821998364978e-01
6.017551033717756237e-01
6.200524611366251548e-01
6.348017727131791688e-01
6.459132250173997836e-01
6.533116347914467159e-01
6.569435330088382319e-01
6.567732894871644023e-01
6.527843339282024537e-01
6.449820301471833606e-01
6.333903962766804785e-01
6.180614249854461395e-01
5.990656973054092616e-01
5.764981796581316598e-01
5.504791004261105902e-01
5.211525931102980458e-01
4.886858493895547273e-01
4.532687597290130377e-01
4.151133246180575553e-01
3.744496227148054190e-01
3.315271396190418440e-01
2.866145312167727166e-01
2.399850650580022116e-01
1.919324587116225111e-01
1.427534618123217636e-01
9.275083937866993034e-02
4.222785618246929773e-02
-8.506795418004031717e-03
-5.914979485846474927e-02
-1.094022674777760940e-01
-1.589686745548960778e-01
-2.075646780018949866e-01
-2.549128182442434443e-01
-3.007431161128061858e-01
-3.448034386918058525e-01
-3.868477639042773308e-01
-4.266437958646742690e-01
-4.639770176083856112e-01
-4.986379888048179665e-01
-5.304388240751338746e-01
-5.591983356289038642e-01
-5.847567392978797463e-01
-6.069625581550235349e-01
-6.256857539154930814e-01
-6.408068619447994108e-01
-6.522274896708125658e-01
-6.598674815486553769e-01
-6.636571937436338553e-01
-6.635583906906362683e-01
-6.595467800629477573e-01
-6.516260375982872999e-01
-6.398174608982296618e-01
-6.241700699391991014e-01
-6.047550185350331065e-01
-5.816756783593088898e-01
-5.550500208405068081e-01
-5.250305283140423995e-01
-4.917885642428037052e-01
-4.555191769937370627e-01
-4.164369796291256809e-01
-3.747816348823148624e-01
-3.308029513512956155e-01
-2.847691119718294694e-01
-2.369637036547073694e-01
-1.876757197267379662e-01
-1.372038212094414678e-01
-8.585534648968168314e-02
-3.393534412099891151e-02
1.824644164815222847e-02
7.038072053732487288e-02
1.221659724410728842e-01
1.732976049778199301e-01
2.234828302960293889e-01
2.724330526425494114e-01
3.198708040426931909e-01
3.655235354287899030e-01
4.091342130707026903e-01
4.504540638535544095e-01
4.892470043107329247e-01
5.252902875593428167e-01
5.583743205651854336e-01
5.883061454526861134e-01
6.149066475613034211e-01
6.380138413319152990e-01
6.574844863120669070e-01
6.731934692105490114e-01
6.850366718137136379e-01
6.929304092987570440e-01
6.968139027875432934e-01
6.966505447067437018e-01
6.924286276033831955e-01
6.841596596390978613e-01
6.718834127893082986e-01
6.556634979285255183e-01
6.355912329953811168e-01
6.117807095782897830e-01
5.843734513665486130e-01
5.535315799978620666e-01
5.194399838217288456e-01
4.823037395000708827e-01
4.423460406381253263e-01
3.998078280413677188e-01
3.549419523143782507e-01
3.080144005518944406e-01
2.593026754213813012e-01
2.090901736851661918e-01
1.576694774280422151e-01
1.053366929699250110e-01
5.239056165260475018e-02
-8.666375428866002206e-04
-5.413313666929635282e-02
-1.071073876868695457e-01
-1.594887619485222952e-01
-2.109806301853830723e-01
-2.612894084251852767e-01
-3.101254449069116848e-01
-3.572055915083229838e-01
-4.022536711875021043e-01
-4.450030424067515922e-01
-4.851906080662053977e-01
-5.225714898945468256e-01
-5.569099153700665106e-01
-5.879834461835697912e-01
-6.155854587797622290e-01
-6.395305105307302895e-01
-6.596480614660982233e-01
-6.757946887036357930e-01
-6.878448503084902965e-01
-6.957022923384660329e-01
-6.992991351215039897e-01
-6.985940860388047957e-01
-6.935731759229145643e-01
-6.842534145153508218e-01
-6.706891992188697138e-01
-6.529593525773822460e-01
-6.311731450440601909e-01
-6.054736520322364646e-01
-5.760257520100587891e-01
-5.430280954860378095e-01
-5.066997245963830165e-01
-4.672853002338809292e-01
-4.250517421041258292e-01
-3.802794870383876535e-01
-3.332741197798672061e-01
-2.843465382672915043e-01
-2.338268968979949625e-01
-1.820554019412787272e-01
-1.293751356422820631e-01
-7.613791297873145902e-02
-2.270271516176822213e-02
3.057493187767390541e-02
8.333558887094391632e-02
1.352239674973504113e-01
1.858876493097239568e-01
