2.237500101327896118e-01
2.230877131223678589e-01
2.225179672241210938e-01
2.222673147916793823e-01
2.224421948194503784e-01
2.230544537305831909e-01
2.240456193685531616e-01
2.253123521804809570e-01
2.267244756221771240e-01
2.281432151794433594e-01
2.294336110353469849e-01
2.304757237434387207e-01
2.311718314886093140e-01
2.314529269933700562e-01
2.312803119421005249e-01
2.306486368179321289e-01
2.295829951763153076e-01
2.281341105699539185e-01
2.263770103454589844e-01
2.243994027376174927e-01
2.223003357648849487e-01
2.201770097017288208e-01
2.181186378002166748e-01
2.162026464939117432e-01
2.144850343465805054e-01
2.130002230405807495e-01
2.117577940225601196e-01
2.107450813055038452e-01
2.099295854568481445e-01
2.092593312263488770e-01
2.086731046438217163e-01
2.081033885478973389e-01
2.074846923351287842e-01
2.067558914422988892e-01
2.058710008859634399e-01
2.047980725765228271e-01
2.035221010446548462e-01
2.020493447780609131e-01
2.004017978906631470e-01
1.986240744590759277e-01
1.967691034078598022e-01
1.949030905961990356e-01
1.930955946445465088e-01
1.914208233356475830e-01
1.899428367614746094e-01
1.887240856885910034e-01
1.878110021352767944e-01
1.872370988130569458e-01
1.870215684175491333e-01
1.871614158153533936e-01
1.876400113105773926e-01
1.884253472089767456e-01
1.894706934690475464e-01
1.907171458005905151e-01
1.920993477106094360e-01
1.935503780841827393e-01
1.949968934059143066e-01
1.963764131069183350e-01
1.976279169321060181e-01
1.987038254737854004e-01
1.995678246021270752e-01
2.001964151859283447e-01
2.005838304758071899e-01
2.007372975349426270e-01
2.006797045469284058e-01
2.004471421241760254e-01
2.000847309827804565e-01
1.996465623378753662e-01
1.991913169622421265e-01
1.987774074077606201e-01
1.984642297029495239e-01
1.983015686273574829e-01
1.983318477869033813e-01
1.985873132944107056e-01
1.990858465433120728e-01
1.998346596956253052e-01
2.008191198110580444e-01
2.020208388566970825e-01
2.034025639295578003e-01
2.049176990985870361e-01
2.065139114856719971e-01
2.081366479396820068e-01
2.097266167402267456e-01
2.112279087305068970e-01
2.125932574272155762e-01
2.137803286314010620e-01
2.147574424743652344e-01
2.155073881149291992e-01
2.160229533910751343e-01
2.163068205118179321e-01
2.163796722888946533e-01
2.162652909755706787e-01
2.160001248121261597e-01
2.156242132186889648e-01
2.151803076267242432e-01
2.147140353918075562e-01
2.142677605152130127e-01
2.138811647891998291e-01
2.135876566171646118e-01
2.134164571762084961e-01
2.133867740631103516e-01
2.135125845670700073e-01
2.137971520423889160e-01
2.142369002103805542e-01
2.148217409849166870e-01
2.155323326587677002e-01
2.163438647985458374e-01
2.172269523143768311e-01
2.181461751461029053e-01
2.190628647804260254e-01
2.199363261461257935e-01
2.207245230674743652e-01
2.213868498802185059e-01
2.218861579895019531e-01
2.221874743700027466e-01
2.222633659839630127e-01
2.220941931009292603e-01
2.216694056987762451e-01
2.209904044866561890e-01
2.200680226087570190e-01
2.189253419637680054e-01
2.175968885421752930e-01
2.161250263452529907e-01
2.145630717277526855e-01
2.129681259393692017e-01
2.114008963108062744e-01
2.099194228649139404e-01
2.085810750722885132e-01
2.074342370033264160e-01
2.065184414386749268e-01
2.058595716953277588e-01
2.054729312658309937e-01
2.053564786911010742e-01
2.054939121007919312e-01
2.058555632829666138e-01
2.063998430967330933e-01
2.070739865303039551e-01
2.078209668397903442e-01
2.085784673690795898e-01
2.092819511890411377e-01
2.098736912012100220e-01
2.103021740913391113e-01
2.105223387479782104e-01
2.105021476745605469e-01
2.102179527282714844e-01
2.096625417470932007e-01
2.088472247123718262e-01
2.077776789665222168e-01
2.064838558435440063e-01
2.050033658742904663e-01
2.033693790435791016e-01
2.016263604164123535e-01
1.998278349637985229e-01
1.980086863040924072e-01
1.962014138698577881e-01
1.944484412670135498e-01
1.927740573883056641e-01
1.911957263946533203e-01
1.897234767675399780e-01
1.883653253316879272e-01
1.871110200881958008e-01
1.859554201364517212e-01
1.848819851875305176e-01
1.838706731796264648e-01
1.828974932432174683e-01
1.819378584623336792e-01
1.809689849615097046e-01
1.799725443124771118e-01
1.789193451404571533e-01
1.777996867895126343e-01
1.765947490930557251e-01
1.753026247024536133e-01
1.739153861999511719e-01
1.724310517311096191e-01
1.708555519580841064e-01
1.691982150077819824e-01
1.674723327159881592e-01
1.656918525695800781e-01
1.638742536306381226e-01
1.620410680770874023e-01
1.602122336626052856e-01
1.584074199199676514e-01
1.566476374864578247e-01
1.549546122550964355e-01
1.533462852239608765e-01
1.518354564905166626e-01
1.504376679658889771e-01
1.491668522357940674e-01
1.480218619108200073e-01
1.470161676406860352e-01
1.461481451988220215e-01
1.454103589057922363e-01
1.448046565055847168e-01
1.443210691213607788e-01
1.439467966556549072e-01
1.436728984117507935e-01
1.434858739376068115e-01
1.433712989091873169e-01
1.433127373456954956e-01
1.433011889457702637e-01
1.433154493570327759e-01
1.433530002832412720e-01
1.433973014354705811e-01
1.434474587440490723e-01
1.434893757104873657e-01
1.435325890779495239e-01
1.435672491788864136e-01
1.436015963554382324e-01
1.436413526535034180e-01
1.436958760023117065e-01
1.437785327434539795e-01
1.438951641321182251e-01
1.440659165382385254e-01
1.442953497171401978e-01
1.446085721254348755e-01
1.450039446353912354e-01
1.454975008964538574e-01
1.460974067449569702e-01
1.468046009540557861e-01
1.476207077503204346e-01
1.485385745763778687e-01
1.495545953512191772e-01
1.506470292806625366e-01
1.518074125051498413e-01
1.530074477195739746e-01
1.542259007692337036e-01
1.554332673549652100e-01
1.565997898578643799e-01
1.576952785253524780e-01
1.586894094944000244e-01
1.595548093318939209e-01
1.602632850408554077e-01
1.607945859432220459e-01
1.611299961805343628e-01
1.612593233585357666e-01
1.611758768558502197e-01
1.608804315328598022e-01
1.603833884000778198e-01
1.597000956535339355e-01
1.588471680879592896e-01
1.578572839498519897e-01
1.567603945732116699e-01
1.555911451578140259e-01
1.543874144554138184e-01
1.531915217638015747e-01
1.520361602306365967e-01
1.509594172239303589e-01
1.500009447336196899e-01
1.491790264844894409e-01
1.485273391008377075e-01
1.480567753314971924e-01
1.477837860584259033e-01
1.477137207984924316e-01
1.478381603956222534e-01
1.481531411409378052e-01
1.486500203609466553e-01
1.493061333894729614e-01
1.500960141420364380e-01
1.510033160448074341e-01
1.519961208105087280e-01
1.530502140522003174e-01
1.541401147842407227e-01
1.552366763353347778e-01
1.563227772712707520e-01
1.573745310306549072e-01
1.583824753761291504e-01
1.593298316001892090e-01
1.602106243371963501e-01
1.610198318958282471e-01
1.617582440376281738e-01
1.624303460121154785e-01
1.630398929119110107e-01
1.635962426662445068e-01
1.641103923320770264e-01
1.645912230014801025e-01
1.650504767894744873e-01
1.655013114213943481e-01
1.659534722566604614e-01
1.664178520441055298e-01
1.669054031372070312e-01
1.674224436283111572e-01
1.679797023534774780e-01
1.685815304517745972e-01
1.692354828119277954e-01
1.699482649564743042e-01
1.707235574722290039e-01
1.715688109397888184e-01
1.724881231784820557e-01
1.734905242919921875e-01
1.745734214782714844e-01
1.757408082485198975e-01
1.770055890083312988e-01
1.783600598573684692e-01
1.798018664121627808e-01
1.813341975212097168e-01
1.829525232315063477e-01
1.846351623535156250e-01
1.863826364278793335e-01
1.881732940673828125e-01
1.899902820587158203e-01
1.918037384748458862e-01
1.935970485210418701e-01
1.953372359275817871e-01
1.970096528530120850e-01
1.985884904861450195e-01
2.000492960214614868e-01
2.013752609491348267e-01
2.025571167469024658e-01
2.035911679267883301e-01
2.044789046049118042e-01
2.052265256643295288e-01
2.058561146259307861e-01
2.063831686973571777e-01
2.068322747945785522e-01
2.072436511516571045e-01
2.076460123062133789e-01
2.080792933702468872e-01
2.085672318935394287e-01
2.091462314128875732e-01
2.098375558853149414e-01
2.106608003377914429e-01
2.116303145885467529e-01
2.127504944801330566e-01
2.140174806118011475e-01
2.154208272695541382e-01
2.169426232576370239e-01
2.185670733451843262e-01
2.202618420124053955e-01
2.220009267330169678e-01
2.237544208765029907e-01
2.254966646432876587e-01
2.271984517574310303e-01
2.288348972797393799e-01
2.303908914327621460e-01
2.318405956029891968e-01
2.331762462854385376e-01
2.343875318765640259e-01
2.354703992605209351e-01
2.364157140254974365e-01
2.372248470783233643e-01
2.378993034362792969e-01
2.384395599365234375e-01
2.388503700494766235e-01
2.391332536935806274e-01
2.392973750829696655e-01
2.393468618392944336e-01
2.392957359552383423e-01
2.391530126333236694e-01
2.389338463544845581e-01
2.386549860239028931e-01
2.383326739072799683e-01
2.379846423864364624e-01
2.376295030117034912e-01
2.372825890779495239e-01
2.369598299264907837e-01
2.366669774055480957e-01
2.364074885845184326e-01
2.361782789230346680e-01
2.359689772129058838e-01
2.357613891363143921e-01
2.355335503816604614e-01
2.352554500102996826e-01
2.348941862583160400e-01
2.344191670417785645e-01
2.337964028120040894e-01
2.330033630132675171e-01
2.320189476013183594e-01
2.308297455310821533e-01
2.294426113367080688e-01
2.278651148080825806e-01
2.261200398206710815e-01
2.242431044578552246e-01
2.222820371389389038e-01
2.202846109867095947e-01
2.183058112859725952e-01
2.164069861173629761e-01
2.146336734294891357e-01
2.130433619022369385e-01
2.116720378398895264e-01
2.105384618043899536e-01
2.096719592809677124e-01
2.090678960084915161e-01
2.087146192789077759e-01
2.086003869771957397e-01
2.086816579103469849e-01
2.089279741048812866e-01
2.092862129211425781e-01
2.097210437059402466e-01
2.101774215698242188e-01
2.106225192546844482e-01
2.110164612531661987e-01
2.113359719514846802e-01
2.115679085254669189e-01
2.116931527853012085e-01
2.117227762937545776e-01
2.116633355617523193e-01
2.115387916564941406e-01
2.113688141107559204e-01
2.111817300319671631e-01
2.110073119401931763e-01
2.108751684427261353e-01
2.108117043972015381e-01
2.108383625745773315e-01
2.109717279672622681e-01
2.112208753824234009e-01
2.115901261568069458e-01
2.120705395936965942e-01
2.126543074846267700e-01
2.133210301399230957e-01
2.140464782714843750e-01
2.148042470216751099e-01
2.155660688877105713e-01
2.162955701351165771e-01
2.169675827026367188e-01
2.175495326519012451e-01
2.180149406194686890e-01
2.183472663164138794e-01
2.185255885124206543e-01
2.185430228710174561e-01
2.183918952941894531e-01
2.180803418159484863e-01
2.176109254360198975e-01
2.170036882162094116e-01
2.162786871194839478e-01
2.154613882303237915e-01
2.145823389291763306e-01
2.136743068695068359e-01
2.127745002508163452e-01
2.119190841913223267e-01
2.111435234546661377e-01
2.104810476303100586e-01
2.099622488021850586e-01
2.096117585897445679e-01
2.094465643167495728e-01
2.094759643077850342e-01
2.097042202949523926e-01
2.101236581802368164e-01
2.107148319482803345e-01
2.114544361829757690e-01
2.123043537139892578e-01
2.132237106561660767e-01
2.141635417938232422e-01
2.150705903768539429e-01
2.158921509981155396e-01
2.165748775005340576e-01
2.170727252960205078e-01
2.173457890748977661e-01
2.173641771078109741e-01
2.171087414026260376e-01
2.165805846452713013e-01
2.157856673002243042e-01
2.147553712129592896e-01
2.135345786809921265e-01
2.121771574020385742e-01
2.107527554035186768e-01
2.093379944562911987e-01
2.080155164003372192e-01
2.068667113780975342e-01
2.059658914804458618e-01
2.053882628679275513e-01
2.051875591278076172e-01
2.054035365581512451e-01
2.060568630695343018e-01
2.071493119001388550e-01
2.086645215749740601e-01
2.105474621057510376e-01
2.127441465854644775e-01
2.151776254177093506e-01
2.177553474903106689e-01
2.203798890113830566e-01
2.229569405317306519e-01
2.253894507884979248e-01
2.276029288768768311e-01
2.295244187116622925e-01
2.311101704835891724e-01
2.323471754789352417e-01
2.332414686679840088e-01
2.338261604309082031e-01
2.341517806053161621e-01
2.343148142099380493e-01
2.344083189964294434e-01
2.345399260520935059e-01
2.348225265741348267e-01
2.353533506393432617e-01
2.362223714590072632e-01
2.374871820211410522e-01
2.391777038574218750e-01
2.412776947021484375e-01
2.437290996313095093e-01
2.464234828948974609e-01
2.492088377475738525e-01
2.518867552280426025e-01
2.542209327220916748e-01
2.559510469436645508e-01
2.568002045154571533e-01
2.564825117588043213e-01
2.547354102134704590e-01
2.513222098350524902e-01
2.460546344518661499e-01
2.388125509023666382e-01
