-1.192092896618035525e-08
-4.070593134304911764e-04
-7.626905294634833687e-04
-1.054679351050913372e-03
-1.308369212542237481e-03
-1.497883510144681907e-03
-1.635986918296972181e-03
-1.719332381736382587e-03
-1.770168161475627056e-03
-1.767389374352834608e-03
-1.740305577478618027e-03
-1.657214934832507147e-03
-1.571371487774420039e-03
-1.460177935413642381e-03
-1.318791040772954171e-03
-1.192346923845899465e-03
-1.012348559205761278e-03
-8.888917661952766558e-04
-7.201222834187503974e-04
-5.313283065002116778e-04
-4.681497478486451591e-04
-3.120899244287295149e-04
-2.477902373153456628e-04
-1.953783641455292264e-04
-1.606040292984195483e-04
-2.086021012125405250e-04
-2.198204424325445050e-04
-2.359326981904059928e-04
-3.151011903050407459e-04
-4.453590063111731445e-04
-5.958982314223405796e-04
-7.817340669544828313e-04
-9.735169789249487060e-04
-1.213532687946994315e-03
-1.440051528791619351e-03
-1.730612534338094033e-03
-1.988535843820332660e-03
-2.260007700097044214e-03
-2.590280176478776397e-03
-2.869255222820554785e-03
-3.214733656802665207e-03
-3.493655887536223359e-03
-3.887362455424842045e-03
-4.097181779824460301e-03
-4.444769708307316769e-03
-4.739957834590413643e-03
-5.004941101823090488e-03
-5.245924884284047796e-03
-5.330554092503381192e-03
-5.569570362117914897e-03
-5.837872077173011931e-03
-5.906661527571521741e-03
-6.037946766313140312e-03
-6.185373499890178817e-03
-6.119257116943443986e-03
-6.350967608739377379e-03
-6.407460225890226901e-03
-6.246895977759736596e-03
-6.199871349729879633e-03
-6.213097657175536970e-03
-6.056379153046298480e-03
-5.985948160637744042e-03
-5.758149071921347950e-03
-5.614377938913450716e-03
-5.469838709161289891e-03
-5.263071798695229120e-03
-5.129093458966338392e-03
-4.644029595582188641e-03
-4.560843457438790161e-03
-4.199273403020287176e-03
-3.935960635833013477e-03
-3.578842173577623242e-03
-3.223572477506486678e-03
-2.840758392308906366e-03
-2.449150981551295736e-03
-2.067060928841957246e-03
-1.663422404862779924e-03
-1.237778977870529484e-03
-7.205095655771209806e-04
-2.982780515765059981e-04
2.068056461315692651e-04
8.458520186409024255e-04
1.476842258779309525e-03
1.981350446518925779e-03
2.508425937433778063e-03
3.157509685357218210e-03
3.719080927269968750e-03
4.345997636995890812e-03
4.931953016194368100e-03
5.680230319981882658e-03
6.234831240561178323e-03
6.747653376697249072e-03
7.560976103708261231e-03
7.958135120436027332e-03
8.636522543862490409e-03
9.175963228611416778e-03
9.505719570277015862e-03
1.022580577976750504e-02
1.064085189203956006e-02
1.095116745878718656e-02
1.122218489426332622e-02
1.128183493966283812e-02
1.154573007960485453e-02
1.153602720430399464e-02
1.175410732664264324e-02
1.176644967053699919e-02
1.151066581330087435e-02
1.132512601626001203e-02
1.107154820268323181e-02
1.065509097922559545e-02
1.017050433592506242e-02
9.473226117514235711e-03
8.712305103530243455e-03
7.982036371724184065e-03
7.255782380356097863e-03
6.218626473820487721e-03
5.266571771607296559e-03
3.981960583924942787e-03
2.739994988847853363e-03
1.419900125543327452e-03
1.255315565371478703e-04
-1.288035095934503271e-03
-2.679105263692110883e-03
-4.076569281962261204e-03
-5.791346663783253357e-03
-7.131470879126522444e-03
-8.836493735137174177e-03
-1.041782019946824178e-02
-1.191760416676046486e-02
-1.357374057701327130e-02
-1.507410807202014258e-02
-1.682021813798273424e-02
-1.819442219605438282e-02
-1.985380125538291352e-02
-2.123724594410980604e-02
-2.284801883709519643e-02
-2.408203167241851350e-02
-2.548899090078421414e-02
-2.683273140354050512e-02
-2.811861358889680695e-02
-2.933720473369622050e-02
-3.043714956864218557e-02
-3.166502760870837374e-02
-3.267643853027973888e-02
-3.366676814977570542e-02
-3.455344900128520802e-02
-3.539981540221831535e-02
-3.630078090666150059e-02
-3.707866177842922273e-02
-3.771265960731690070e-02
-3.832073024886667456e-02
-3.910447777647818590e-02
-3.962534454159866160e-02
-4.019367922675376459e-02
-4.046295002879485292e-02
-4.082924810451959985e-02
-4.103645893589208393e-02
-4.146815417485655297e-02
-4.159783564064245542e-02
-4.184967440479453460e-02
-4.178301417889684899e-02
-4.188130109258808575e-02
-4.163016590791313032e-02
-4.159601597210726975e-02
-4.141054244424058339e-02
-4.120913665638514800e-02
-4.092116499543757557e-02
-4.053814014759449247e-02
-4.004490565670310032e-02
-3.947722591938790382e-02
-3.866686328449830956e-02
-3.799693607311022125e-02
-3.724747592102067850e-02
-3.627986527608378919e-02
-3.542270304948830217e-02
-3.432611804769769570e-02
-3.327145826571314968e-02
-3.193170227697211816e-02
-3.046646609777875492e-02
-2.926304251056766059e-02
-2.770808662798190936e-02
-2.621612901559394748e-02
-2.464527766823476629e-02
-2.282932755085254062e-02
-2.129979420224470399e-02
-1.915678534842013558e-02
-1.736507596849401480e-02
-1.537284466486776857e-02
-1.363643573165723710e-02
-1.133855435353453567e-02
-9.311621682199067163e-03
-7.158730722674866431e-03
-5.265581480462411257e-03
-2.823253503860700953e-03
-7.910102368294813502e-04
1.258129313641748181e-03
3.507015251011158519e-03
5.616350517618634575e-03
7.390098746470730173e-03
9.739945808115241244e-03
1.146021036638986135e-02
1.374877786393072232e-02
1.565230574599414670e-02
1.759095038617367046e-02
1.934925790259023337e-02
2.150084935985320522e-02
2.304651633412077572e-02
2.480088317829506200e-02
2.629145459935243456e-02
2.783665459043067544e-02
2.927762926534500931e-02
3.111682623167216430e-02
3.226027183476065652e-02
3.354651314738646417e-02
3.475288715867394518e-02
3.585389098058164303e-02
3.684597297981938302e-02
3.775848720494784372e-02
3.872016535798855630e-02
3.981212165468006603e-02
4.069520141500121424e-02
4.146827914075434940e-02
4.197887663145466464e-02
4.280454884718024045e-02
4.349354235005314928e-02
4.394340585616390849e-02
4.469607892798160842e-02
4.509407525462294508e-02
4.573105928566256750e-02
4.608935417619292041e-02
4.667187788775445378e-02
4.721065665842105741e-02
4.765527789489454324e-02
4.824812954179941160e-02
4.863798028253385475e-02
4.922535719228710027e-02
4.990811068388972815e-02
5.071955783265663653e-02
5.138058762401953583e-02
5.212786306957317706e-02
5.278595987944018075e-02
5.349140891779424756e-02
5.463265581769805035e-02
5.543556837474117316e-02
5.657348107675375104e-02
5.766655157224609418e-02
5.890072133672730192e-02
6.021963840836824788e-02
6.153767669202525603e-02
6.303904735699072948e-02
6.446690183428321896e-02
6.594513832923315499e-02
6.750827119584740243e-02
6.932171874111248133e-02
7.092863683392153229e-02
7.294954142711546075e-02
7.470666658893054812e-02
7.656339403932149734e-02
7.837593450343249835e-02
8.046329811795982501e-02
8.233679188179254815e-02
8.437406013980708330e-02
8.635712515646004617e-02
8.834028567398680143e-02
9.025478373419210110e-02
9.194872497412218126e-02
9.381421605397516350e-02
9.556226821277191696e-02
9.748616450608596495e-02
9.913322536994145784e-02
1.007096020309147522e-01
1.022914601154575748e-01
1.036640374581288132e-01
1.050619873273594684e-01
1.060945925946549101e-01
1.071804875546727709e-01
1.082015573085176458e-01
1.091501761384444935e-01
1.096971955088821976e-01
1.101705071700606192e-01
1.109248050635192329e-01
1.111700722611354830e-01
1.114684158411985010e-01
1.115461423991788298e-01
1.116573139018011140e-01
1.115326987751448229e-01
1.113329520487000152e-01
1.111835042815415980e-01
1.107466933601075620e-01
1.103106624189408858e-01
1.096841932871587821e-01
1.089615574617696231e-01
1.082148466021225913e-01
1.074191858590068938e-01
1.066098962457006638e-01
1.057115623157953155e-01
1.049007554184986091e-01
1.039292560136431398e-01
1.027443577218147275e-01
1.017729685689970631e-01
1.005980721635988118e-01
9.955423775059277225e-02
9.830481166694654549e-02
9.721576013621704981e-02
9.606410446092614186e-02
9.479282011076614611e-02
9.380124542080600647e-02
9.259338914320131009e-02
9.120396160020294296e-02
9.001330801223789146e-02
8.876937716460814309e-02
8.755150945393502804e-02
8.611572111096182924e-02
8.487236275795884133e-02
8.352345919503886829e-02
8.205785277534818900e-02
8.058960029155842753e-02
7.911024092390933626e-02
7.768604520141322856e-02
7.605526036937146350e-02
7.427370796337257053e-02
7.232998405866700176e-02
7.045628455258351464e-02
6.843679160674334683e-02
6.626421916207844709e-02
6.395372017821723820e-02
6.159352102782902905e-02
5.904209264891505105e-02
5.611103158961164294e-02
5.330023163291935928e-02
5.011464809935534115e-02
4.681297126471090086e-02
4.321358183049456292e-02
3.941125983186896664e-02
3.541349326056378310e-02
3.116060353838462360e-02
2.669138852957769759e-02
2.185007116585074849e-02
1.675965289461286978e-02
1.122565304407896480e-02
5.619319698627084358e-03
-2.226779933295064406e-04
-6.590462320324452783e-03
-1.311047584294974810e-02
-2.004583391337821929e-02
-2.724100202091320200e-02
-3.472924959721390703e-02
-4.261029670082042142e-02
-5.065067833442069012e-02
-5.908389025866866984e-02
-6.773486071272397102e-02
-7.688956674834376837e-02
-8.603697225512019209e-02
-9.540283859099335517e-02
-1.053926367728179880e-01
-1.151560047036229995e-01
-1.253394741134498669e-01
-1.355910558940442989e-01
-1.460200421042982810e-01
-1.568771699745182546e-01
-1.672686104836144105e-01
-1.780428862373445165e-01
-1.889041089741613777e-01
-1.996705541472687528e-01
-2.103615741669678518e-01
-2.208905095040464284e-01
-2.310589107364962869e-01
-2.414489705239620809e-01
-2.514326517939609595e-01
-2.611382438315331678e-01
-2.704325505484071468e-01
-2.795674836211469727e-01
-2.881338013365690176e-01
-2.964024136435084444e-01
-3.040589041642508539e-01
-3.113485028747924321e-01
-3.176627805202043575e-01
-3.235023981903739076e-01
-3.287898001517515212e-01
-3.331270805305246441e-01
-3.369213493831485495e-01
-3.398186070719089180e-01
-3.420333552465360527e-01
-3.433969128929533765e-01
-3.436404278033046711e-01
-3.432095277069757144e-01
-3.419852848583706528e-01
-3.395088518524959631e-01
-3.361941343775164404e-01
-3.321571474646464184e-01
-3.272272883772899821e-01
-3.209347170979987562e-01
-3.142310930440208594e-01
-3.063336142862817524e-01
-2.973021066069775897e-01
-2.879746683044163147e-01
-2.769640265212546248e-01
-2.658374549866627801e-01
-2.538864367129767263e-01
-2.410191039272220337e-01
-2.269832158603279360e-01
-2.125540928139829089e-01
-1.978445808087924140e-01
-1.819655318524213694e-01
-1.658819333514131023e-01
-1.489044108686898293e-01
-1.315307892994266870e-01
-1.142455707541772392e-01
-9.617316427056454842e-02
-7.795530645393433655e-02
-5.925424121030936631e-02
-4.059334971489186872e-02
-2.170376245510940993e-02
-2.954845443429665597e-03
1.601799811091156323e-02
3.501761307717815574e-02
5.396697635358263523e-02
7.219641198869181098e-02
9.087943285230967727e-02
1.091584244749405630e-01
1.269604366095670733e-01
1.445878872107172475e-01
1.617222249452693605e-01
1.782162348546189323e-01
1.942900494749332796e-01
2.100135789823977528e-01
2.249724834599644563e-01
2.393490264069734474e-01
2.527065446303349838e-01
2.662807098771320380e-01
2.782063713371646374e-01
2.899726042794391612e-01
3.007762887637243643e-01
3.106685489665179101e-01
3.201524483435015944e-01
3.285459673617879828e-01
3.363511745047137458e-01
3.430493850319785154e-01
3.488855855722716726e-01
3.541554147242703676e-01
3.584884858479361891e-01
3.620467319689171237e-01
3.650104222287599010e-01
3.668160767374268327e-01
3.679086089020137673e-01
3.686147849281813382e-01
3.682615202433729973e-01
3.673365675397154972e-01
3.656463639695374801e-01
3.637942078794531020e-01
3.613301213943682644e-01
3.578524980696788926e-01
3.540170263664194072e-01
3.498196005303907397e-01
3.452307811476907906e-01
3.399895123018455978e-01
3.345099788683985054e-01
3.287687806651375944e-01
3.224949625924588559e-01
3.164001144955593814e-01
3.098234192062526704e-01
3.029158919651013804e-01
2.962375633586550316e-01
2.894410998025220838e-01
2.824435334648939255e-01
2.752367671844903607e-01
2.683603788958361380e-01
2.614998607901914962e-01
2.545103571607189585e-01
2.474411027736378166e-01
2.406821999194597717e-01
2.341230166581769190e-01
2.274722499742668769e-01
2.210940764973867434e-01
2.148575237144629002e-01
2.088410322764243376e-01
2.029391939405583156e-01
1.971914152644466123e-01
1.917842697030914256e-01
1.862930634965035970e-01
1.812209149639446293e-01
1.764375211389667408e-01
1.716282512662405668e-01
1.670323701895753687e-01
1.625888591213206502e-01
1.583606794972315657e-01
1.545920632466730171e-01
1.506496747789218826e-01
1.471512925066989219e-01
1.434930050766821674e-01
1.400024604713716869e-01
1.367041818355680116e-01
1.335955543279560287e-01
1.305292480513333409e-01
1.276537851699515724e-01
1.246009404478015670e-01
1.217910514481957973e-01
1.189545865831776184e-01
1.161675016722553688e-01
1.133532752133179777e-01
