-5.960464483090177623e-09
-6.896587239035856243e-05
-3.711872750000733134e-07
1.926320317343355182e-04
4.741872725169404834e-04
8.418640395969068102e-04
1.275699975200689229e-03
1.755959438586446320e-03
2.259744035914890148e-03
2.821160994751631401e-03
3.339922293361580197e-03
3.882622076471248240e-03
4.436148601416084469e-03
4.958295400269874253e-03
5.443880431318937063e-03
5.959247839053466445e-03
6.425497894615384009e-03
6.806850438252798341e-03
7.241584290982927552e-03
7.616637269273973665e-03
7.921133595667234628e-03
8.209766634334730862e-03
8.443248605375736071e-03
8.620674495531388537e-03
8.847603825125116561e-03
8.951215685776725550e-03
9.074523407236606554e-03
9.192138801129484671e-03
9.280688167607409333e-03
9.293283529275109256e-03
9.325297698233786514e-03
9.324954466912754869e-03
9.348299453680819493e-03
9.332979515063344333e-03
9.338771288586761310e-03
9.229540491134669011e-03
9.204877063863303732e-03
9.170922271102111001e-03
9.077876290134692661e-03
9.014790543914380505e-03
8.873531915236904100e-03
8.764290904773014423e-03
8.600788330866804277e-03
8.521170673626093928e-03
8.315906120936730761e-03
8.088556422152379244e-03
7.896854201612929502e-03
7.649579204658890630e-03
7.510156894444633413e-03
7.192521949380484281e-03
6.843056604043981639e-03
6.502722861501594731e-03
6.151936760164660595e-03
5.696902702537375712e-03
5.289865289570813006e-03
4.724545741281864150e-03
4.188411178560041276e-03
3.678176296572391660e-03
3.102739017290144334e-03
2.367861758574147692e-03
1.705624340320573140e-03
9.209678871035294895e-04
2.148214525609145470e-04
-6.375573917008266894e-04
-1.506715768446418094e-03
-2.316810819955316195e-03
-3.318413015763410634e-03
-4.194627876004712597e-03
-5.208952295537350868e-03
-6.200471968052814059e-03
-7.209209942396183068e-03
-8.265808332254973023e-03
-9.339568234947588643e-03
-1.043524815361402888e-02
-1.151656836098988862e-02
-1.258587459658244007e-02
-1.371554031138420490e-02
-1.492957883931147686e-02
-1.611495518375457431e-02
-1.721918358671238602e-02
-1.825135312970826290e-02
-1.947728535815438505e-02
-2.050370375974205212e-02
-2.160474555062939783e-02
-2.273875555998614711e-02
-2.385925320965913421e-02
-2.494244476607573868e-02
-2.592796993213904166e-02
-2.698511580347999483e-02
-2.807258538157792610e-02
-2.907612388161845418e-02
-2.991082246171626602e-02
-3.090812663473956057e-02
-3.173534013006582000e-02
-3.257168774791510679e-02
-3.340612071754259227e-02
-3.396016198609481951e-02
-3.486867850824815207e-02
-3.560305357593550324e-02
-3.603965305982084755e-02
-3.671863077426194832e-02
-3.703948850458674280e-02
-3.742132901361686081e-02
-3.777638296299770659e-02
-3.800483554733052882e-02
-3.822265313381564833e-02
-3.833041866712311174e-02
-3.831645394717000941e-02
-3.820628889674662632e-02
-3.818772943036449763e-02
-3.783906323631960888e-02
-3.759283088191575639e-02
-3.696320099763400480e-02
-3.659090783602075847e-02
-3.593383902985025635e-02
-3.522436614454713122e-02
-3.434066465318533212e-02
-3.325016415664699965e-02
-3.234932567547063598e-02
-3.138303441845741171e-02
-3.018763903983770480e-02
-2.877028705076670190e-02
-2.745492431735380157e-02
-2.606328940186325438e-02
-2.444092408825415674e-02
-2.286095425172121609e-02
-2.109675596623389326e-02
-1.934282653304400523e-02
-1.765152043343745647e-02
-1.566177062778817408e-02
-1.380496477941786648e-02
-1.180416411376478125e-02
-9.560066865239358336e-03
-7.698027971010656945e-03
-5.307945218402387866e-03
-3.246149753045518560e-03
-7.582346773193637812e-04
1.483869249171237970e-03
3.593116996130740759e-03
6.019435932072603190e-03
8.226602646294295385e-03
1.051041265188409901e-02
1.260992771335982254e-02
1.508028147375839456e-02
1.754367521945746078e-02
1.969645644389110550e-02
2.168591616396764454e-02
2.400482082407009998e-02
2.610751031857283522e-02
2.843728920699596652e-02
3.045339643257307521e-02
3.232867981046229355e-02
3.396708909268375542e-02
3.603634202369757067e-02
3.785635325328355616e-02
3.941000026711538595e-02
4.134365246896848367e-02
4.291816973410454705e-02
4.431877507233694669e-02
4.533765008363319082e-02
4.686084827771058725e-02
4.779952763932679427e-02
4.915855962764451026e-02
5.007154556339027396e-02
5.100451988304618989e-02
5.156604843725295928e-02
5.218651541032889862e-02
5.306576466933560221e-02
5.360690968615861030e-02
5.409010295873045715e-02
5.459012064053503366e-02
5.473326877250239697e-02
5.515883134677918020e-02
5.569250305334255691e-02
5.573567100694881704e-02
5.591755923102742498e-02
5.590856067922461703e-02
5.617344448044225835e-02
5.643621078147464942e-02
5.644822681543237852e-02
5.636067429337593415e-02
5.669645494462161039e-02
5.653336438120537544e-02
5.668680534408132576e-02
5.683330084283089167e-02
5.750062070375511203e-02
5.753134328635461925e-02
5.763302442569490092e-02
5.780269107429636399e-02
5.790818290926685874e-02
5.820152863438449176e-02
5.856794650000690661e-02
5.912238599261793182e-02
5.926975971339681903e-02
5.968236837835855235e-02
6.024629218221971838e-02
6.064719277239766226e-02
6.101660665744523815e-02
6.163609646200252090e-02
6.177260096825204494e-02
6.238789829419411070e-02
6.298962208119096573e-02
6.319505330148961209e-02
6.395579354551544915e-02
6.446735227858957362e-02
6.466690187371620935e-02
6.508611963034049985e-02
6.556955434477895750e-02
6.598458635451237564e-02
6.635261494869604260e-02
6.669775558794777126e-02
6.668119921350246226e-02
6.694246334354000960e-02
6.746870603371848962e-02
6.732334009573223699e-02
6.738420804293082655e-02
6.734965681762647427e-02
6.738120761250593338e-02
6.705800872026262960e-02
6.692578369987593756e-02
6.620510076788761744e-02
6.603374500754004284e-02
6.601839199275383319e-02
6.488795808080967398e-02
6.428116822583028467e-02
6.368550871323955254e-02
6.271915245606277112e-02
6.193724664869691698e-02
6.084510622211926345e-02
5.988032962708576823e-02
5.849589970514168513e-02
5.705863953621255480e-02
5.570431896218150380e-02
5.422191515492336134e-02
5.244873319174166854e-02
5.054529827866027780e-02
4.868616348281563228e-02
4.659752975401869335e-02
4.456347667133828128e-02
4.228723069259024414e-02
3.998816241013632145e-02
3.759901354965834719e-02
3.491421553391144128e-02
3.244001940861122868e-02
2.952191236503204363e-02
2.652326732261969799e-02
2.360344676849543410e-02
2.048397050240871597e-02
1.726403934951978303e-02
1.392317683639504589e-02
1.070675574094115401e-02
7.130327629743415940e-03
3.659661781230505451e-03
1.409421232092256115e-04
-3.470066923027287364e-03
-7.277883757554448607e-03
-1.098533914255866994e-02
-1.465850452778935664e-02
-1.851436028271835621e-02
-2.236308517783613947e-02
-2.624045984683903709e-02
-3.014769790628352153e-02
-3.388866878008900407e-02
-3.778087439415195314e-02
-4.145483198249294565e-02
-4.534995982568157391e-02
-4.896184317850038603e-02
-5.271830072988725746e-02
-5.631987800872778616e-02
-5.984640654630485335e-02
-6.331199767184075844e-02
-6.679491694490746756e-02
-6.988917338226413589e-02
-7.325257044223881797e-02
-7.617622160726722491e-02
-7.892831741403072421e-02
-8.181988004579643370e-02
-8.438698169712555153e-02
-8.698128997251530770e-02
-8.930932227250615307e-02
-9.145877858313355979e-02
-9.335226644135630192e-02
-9.521329162350872233e-02
-9.694233618948450149e-02
-9.831826820821398805e-02
-9.952577430125847391e-02
-1.005238978165503561e-01
-1.013297148512151691e-01
-1.018786009583708685e-01
-1.022097523263222341e-01
-1.024242479676568673e-01
-1.023665387438872920e-01
-1.019012529069441841e-01
-1.013349812065627020e-01
-1.005127974776169886e-01
-9.943167101400357533e-02
-9.805880019983165274e-02
-9.640774602479845745e-02
-9.467695376618218139e-02
-9.252020317272391381e-02
-9.029481088866314620e-02
-8.759684334990369692e-02
-8.488001598836536488e-02
-8.172538754535213501e-02
-7.836430328533305900e-02
-7.503964597880885545e-02
-7.113471685146327550e-02
-6.714669248747387464e-02
-6.318308423399754403e-02
-5.895206956419471456e-02
-5.438619121227553088e-02
-4.965701790305480923e-02
-4.489267892525850012e-02
-4.018774372734862377e-02
-3.509085788912488096e-02
-3.009888117528859014e-02
-2.503840974028534450e-02
-1.977731949885936855e-02
-1.466382618291609680e-02
-9.361733943677452707e-03
-4.246289895083146804e-03
7.648743875131036596e-04
5.984590362092603866e-03
1.098668972219979389e-02
1.583072843587077227e-02
2.064378207473219207e-02
2.525440210416832199e-02
2.990828969877112886e-02
3.409815908978433563e-02
3.827051532148217916e-02
4.222662197634519110e-02
4.597391641818077135e-02
4.928462744101030912e-02
5.264417432018136944e-02
5.579447002929716071e-02
5.848155598646453956e-02
6.116908797129755326e-02
6.319081229237544228e-02
6.519919477615121473e-02
6.698062196860732342e-02
6.847774128569433794e-02
6.963553161082230991e-02
7.050016587467378137e-02
7.113913238048763521e-02
7.148222885753574563e-02
7.185579573693456901e-02
7.162247629268203575e-02
7.112574452151632087e-02
7.068703782941354596e-02
6.978545632090171758e-02
6.862197131866043520e-02
6.709270841221470771e-02
6.580303414761007330e-02
6.406469772628514692e-02
6.198470583892479180e-02
6.002103786210488678e-02
5.768328314085297004e-02
5.520783400392165197e-02
5.274189044737104259e-02
4.986990202840174691e-02
4.736718038765458383e-02
4.450881803161926831e-02
4.138519180078770177e-02
3.856853203698223931e-02
3.529381251883489945e-02
3.219158519708359423e-02
2.945169215693843601e-02
2.605049591075231374e-02
2.312092544773364233e-02
2.006234534546424975e-02
1.733405702907614421e-02
1.441071725677889326e-02
1.151830200412634619e-02
8.634430772763879158e-03
6.269440826526917476e-03
3.776525185456958145e-03
1.745501549733685653e-03
-4.212537160481755194e-04
-2.306176522523462058e-03
-3.723152647711280849e-03
-5.403618740073667936e-03
-6.497806800513816761e-03
-7.556340865493504921e-03
-8.424768858099951352e-03
-8.868135865751608504e-03
-9.252895049039866482e-03
-9.380298810245907282e-03
-9.041602316690128260e-03
-8.630271896635732798e-03
-8.144289959809425383e-03
-7.441059626667634319e-03
-6.260587056914734827e-03
-5.242505008639763986e-03
-4.063015709566436540e-03
-2.130422563657877189e-03
-5.211741802992608807e-04
1.361471166366881591e-03
3.326606780284013798e-03
5.276378764834971369e-03
7.446646089374175936e-03
9.725613758981538348e-03
1.209209463518862160e-02
1.402753162434403067e-02
1.642955994974944212e-02
1.849242692198010615e-02
2.046952483803510595e-02
2.260779731111794977e-02
2.439233004704976712e-02
2.630554855610384157e-02
2.802182141878955049e-02
2.933633607462078630e-02
3.060264588832804777e-02
3.185335504222001901e-02
3.270547725830040553e-02
3.341405658608095908e-02
3.388952099608270874e-02
3.444449063634733021e-02
3.426734144860248132e-02
3.427571957024747040e-02
3.357936080600151807e-02
3.315511030694709427e-02
3.229836746158462613e-02
3.129388428851537229e-02
2.986884838325173930e-02
2.850652315291873906e-02
2.696090522473915119e-02
2.521699273338259828e-02
2.309822069534592237e-02
2.099561513270056801e-02
1.898947794257155319e-02
1.658343389231264897e-02
1.410975019369201111e-02
1.185437883768075684e-02
9.064080605034052773e-03
6.597618982776110030e-03
3.822329487997877528e-03
1.367206387298203207e-03
-1.341387077287148344e-03
-4.024606010061937411e-03
-6.481372466796808673e-03
-8.960958457436329905e-03
-1.169186535273092353e-02
-1.401791600219198797e-02
-1.635757311983576656e-02
-1.869113916787357166e-02
-2.074737478077992581e-02
-2.313163207895985174e-02
-2.509199477250273480e-02
-2.713690075148156300e-02
-2.881063965399238702e-02
-3.061077753056623552e-02
-3.230373499611416399e-02
-3.368034668034264323e-02
-3.519882725074108265e-02
-3.653866142729877975e-02
-3.788838338815914142e-02
-3.929102457615263333e-02
-4.024032376131159161e-02
-4.139624535526498228e-02
-4.238238989090303832e-02
-4.342856869936645436e-02
-4.402718588444093362e-02
-4.490734485906411333e-02
-4.561174614269847272e-02
-4.627415322381717155e-02
-4.717171983131407398e-02
-4.786562511073000348e-02
-4.831335587701257595e-02
-4.899908742063757705e-02
-4.971996759249530662e-02
-5.016278761226522498e-02
-5.056817787155354349e-02
-5.087027398051202631e-02
-5.146422855719839928e-02
-5.190533977722949777e-02
-5.245904276577134651e-02
-5.292939705602511813e-02
-5.324835901980912167e-02
-5.360124304005198237e-02
-5.411884175174669354e-02
-5.419509772234404332e-02
-5.446955902181194187e-02
-5.487400163230643502e-02
-5.511781005442362158e-02
-5.540783372144542085e-02
-5.581888495024750485e-02
-5.582740340792913258e-02
-5.626477507316465787e-02
-5.620743443565573427e-02
-5.649914827471241852e-02
-5.693804077415184905e-02
-5.721092579321562788e-02
-5.735355800622425615e-02
-5.754985988869404379e-02
-5.783693077016979767e-02
-5.822542601636096493e-02
-5.860021108018440700e-02
-5.911809395784060894e-02
-5.941491044412558487e-02
-5.995306106323497475e-02
