-1.192092896618035525e-08
-1.386414196409280208e-04
-3.382480731872750113e-04
-5.828780718734050126e-04
-8.714972288207389894e-04
-1.181975336123186615e-03
-1.511000224667324865e-03
-1.866429399293545455e-03
-2.233471561114974691e-03
-2.575298719641960776e-03
-2.920924809783120857e-03
-3.238142860339909834e-03
-3.556790540687582158e-03
-3.832138969015352892e-03
-4.123491738706686061e-03
-4.354205700755564568e-03
-4.508104785642896850e-03
-4.708050128974017312e-03
-4.841005905207640403e-03
-4.966953404008878081e-03
-5.048266447432780968e-03
-5.101970808530476020e-03
-5.129556495385545478e-03
-5.151905583436200420e-03
-5.174959155459901705e-03
-5.171924428978291743e-03
-5.139037713948413355e-03
-5.153025553569612338e-03
-5.095024990173446788e-03
-5.100160254363883539e-03
-5.043202471213759086e-03
-5.058544792306163274e-03
-5.060265241151384874e-03
-5.109563618317047862e-03
-5.144244857589241882e-03
-5.183723156873987215e-03
-5.249104154770756203e-03
-5.322330184512280571e-03
-5.435978176064004685e-03
-5.571167947185706737e-03
-5.755754565086312891e-03
-5.889144288896197565e-03
-6.084789354669328798e-03
-6.233625005209408876e-03
-6.472072430100561657e-03
-6.731631202294086069e-03
-6.962636876588546020e-03
-7.220004287636361262e-03
-7.413768806882992113e-03
-7.678346892046328254e-03
-7.969274403700155052e-03
-8.139791827877329577e-03
-8.436985183029266366e-03
-8.683510609080735687e-03
-8.842071523353978169e-03
-9.167898214164360571e-03
-9.383788275443949445e-03
-9.471273493581483516e-03
-9.755237396045640663e-03
-9.888010426215981807e-03
-1.005995289099553824e-02
-1.024986335700139861e-02
-1.040819474300838654e-02
-1.053700012676267450e-02
-1.063582422719369647e-02
-1.069741485209514675e-02
-1.094582227693911836e-02
-1.088375202925645491e-02
-1.107470794764051081e-02
-1.109193037272468776e-02
-1.116893132414794459e-02
-1.123386112997026322e-02
-1.134927640191094045e-02
-1.132455246751791489e-02
-1.149013576877275233e-02
-1.149804996936315549e-02
-1.166084427853940342e-02
-1.170390620825387251e-02
-1.159467324192164916e-02
-1.171162811332326914e-02
-1.184767075143478010e-02
-1.172527029390282860e-02
-1.170291861577349435e-02
-1.177334683548322825e-02
-1.174492137443311490e-02
-1.167826926596865489e-02
-1.159924306814980044e-02
-1.159535137392991855e-02
-1.139517911342241563e-02
-1.136186859519833225e-02
-1.118013489178759645e-02
-1.122299184469549571e-02
-1.081932565932386403e-02
-1.082975622993054277e-02
-1.037873514621934223e-02
-1.003568152298828231e-02
-9.877694256907709747e-03
-9.441238332301982172e-03
-9.124856135341918861e-03
-8.686793664572201035e-03
-8.451895724518543318e-03
-8.134909760317221572e-03
-7.649205441566220287e-03
-7.288997708712663393e-03
-6.426263272805154969e-03
-5.929314454088008279e-03
-5.493809419846285014e-03
-4.919402896331026565e-03
-4.509254444556520802e-03
-4.048371167777564672e-03
-3.506787937655686527e-03
-3.250644548266179434e-03
-2.732801870564349755e-03
-2.318657699830861674e-03
-1.712825806397311190e-03
-1.380521358837039081e-03
-1.118119932384087356e-03
-5.816569816197159071e-04
-4.582260979464347628e-04
-3.041634748378596598e-04
-1.300900897982515403e-04
7.241991963885530126e-05
1.353067220162262885e-04
1.174426569913178398e-04
1.981429291764702505e-04
-8.300978869968389517e-05
-2.056231875978697943e-04
-4.052876192696119872e-04
-6.918840585534713483e-04
-1.013417751600298455e-03
-1.552606505363485212e-03
-2.134109838777653589e-03
-2.371686891088853333e-03
-3.126913776691331304e-03
-3.720521610306948279e-03
-4.605625562312365417e-03
-5.313348606116763406e-03
-6.126305785804586623e-03
-7.248762842114619964e-03
-8.100829981780355293e-03
-9.273480453572180426e-03
-1.030653491651717379e-02
-1.150349827948149439e-02
-1.255892427797644650e-02
-1.359953433109967191e-02
-1.504803155481471144e-02
-1.640348710877120864e-02
-1.761441236419852840e-02
-1.888864728214750821e-02
-2.024009721633707182e-02
-2.161471134984799258e-02
-2.302338344412552251e-02
-2.473809021894304849e-02
-2.589284233596197971e-02
-2.730383575425154863e-02
-2.896506748784133389e-02
-3.017547020275773706e-02
-3.164819526672901784e-02
-3.303228777812253214e-02
-3.480957057663316978e-02
-3.613481782547431354e-02
-3.778585958695590552e-02
-3.911656499361249040e-02
-4.063713688805731250e-02
-4.219312718470655255e-02
-4.380208800232945898e-02
-4.537527399021235031e-02
-4.661288972065907865e-02
-4.807274128675334546e-02
-4.962765781822021244e-02
-5.112045778966392562e-02
-5.256137001420137234e-02
-5.403131662385089740e-02
-5.523504963946219287e-02
-5.674453791914098322e-02
-5.816458032696000813e-02
-5.960432680149299611e-02
-6.071059237289451460e-02
-6.193434224468527538e-02
-6.331366272126558170e-02
-6.453273917258936510e-02
-6.556706275371479431e-02
-6.677230551284661642e-02
-6.772578427024431025e-02
-6.880254344834821345e-02
-6.923884762603771392e-02
-7.036632565827227737e-02
-7.121231887183379627e-02
-7.164577837750815692e-02
-7.261927878159288308e-02
-7.321910616711868602e-02
-7.359852411906292469e-02
-7.393719351655519967e-02
-7.458859675235743336e-02
-7.469829353921428328e-02
-7.435313193387768638e-02
-7.471508834444745561e-02
-7.487730899732425449e-02
-7.404644134583693305e-02
-7.451594470003963799e-02
-7.411064078044360404e-02
-7.344773229373507961e-02
-7.347970032655648520e-02
-7.254284753850492873e-02
-7.189191961302821010e-02
-7.176733885637748278e-02
-7.081593010879622119e-02
-6.985352248683263099e-02
-6.894324954123925986e-02
-6.783105682292883687e-02
-6.678958211766150566e-02
-6.644128419139994080e-02
-6.501356016679121774e-02
-6.365966545222229156e-02
-6.268480764859313270e-02
-6.163148011262281623e-02
-6.034620836405174549e-02
-5.897205232934987773e-02
-5.772254081758865230e-02
-5.622611834248036899e-02
-5.549754678274337882e-02
-5.377350356733678893e-02
-5.165524506331692356e-02
-5.109575864411183832e-02
-4.980490735973477912e-02
-4.788060239248262406e-02
-4.664991834556528327e-02
-4.475258838608250911e-02
-4.338579156448627017e-02
-4.146679600943806165e-02
-3.999451716313109917e-02
-3.857040498206529278e-02
-3.675999922995845659e-02
-3.500001199566299404e-02
-3.328481519971780711e-02
-3.158648092310829825e-02
-3.017098702595036319e-02
-2.821664863880185559e-02
-2.639437273111058802e-02
-2.445849283018336484e-02
-2.238350999088772192e-02
-2.037324079907388424e-02
-1.854589767687566185e-02
-1.638527875230956499e-02
-1.441596060732927911e-02
-1.241142794098282209e-02
-1.018506488837571389e-02
-8.036262186202930424e-03
-5.814643909183736525e-03
-3.728720069035837414e-03
-1.148493622489268895e-03
1.168795964751917493e-03
3.694246585636162816e-03
6.304793755591175941e-03
9.082605860092601846e-03
1.141084416286866632e-02
1.398116385867037570e-02
1.696531916811486185e-02
1.976375520752468584e-02
2.245458485489865152e-02
2.572360857400129985e-02
2.860485044011301659e-02
3.167958382373042836e-02
3.473456950682091149e-02
3.813254447349473386e-02
4.143911455763960028e-02
4.483068862880340566e-02
4.836172128848348351e-02
5.194495328774179077e-02
5.549235274304409327e-02
5.911590957346318786e-02
6.285612630986486815e-02
6.676516507579177695e-02
7.056162414095518143e-02
7.452199032359974051e-02
7.867212418505414862e-02
8.263838155319880308e-02
8.677393088353357875e-02
9.092395386069634933e-02
9.514664828517582773e-02
9.915924010360355201e-02
1.035652781902841046e-01
1.077300038039193941e-01
1.119039199767160042e-01
1.163123694760029858e-01
1.206982232230386365e-01
1.249584920626644058e-01
1.291226637182678050e-01
1.334899421062841762e-01
1.376164728338780674e-01
1.416998634944323654e-01
1.460620724907255585e-01
1.502327066759778229e-01
1.544925526010744732e-01
1.584520711636163148e-01
1.625034886381591659e-01
1.665589588189557713e-01
1.705871158508490693e-01
1.744657751226607600e-01
1.784163680100077642e-01
1.821475180807877736e-01
1.860525820889735726e-01
1.897181243889397573e-01
1.934918344298221515e-01
1.971659264348263607e-01
2.006583078546355925e-01
2.043546491991845016e-01
2.078687790416095527e-01
2.112072907424902557e-01
2.147884201614516653e-01
2.182049320407265236e-01
2.215560823832035398e-01
2.248439136034289243e-01
2.280163186677275911e-01
2.312827918401705318e-01
2.344521235954387661e-01
2.374367355326373052e-01
2.405606142883624232e-01
2.434872770694407051e-01
2.466342622009523033e-01
2.494560491439597461e-01
2.521330251867417438e-01
2.550494165174042038e-01
2.578400383617537317e-01
2.603523801170347651e-01
2.628803213397509775e-01
2.654084104890856999e-01
2.679494718028210265e-01
2.700415486538964571e-01
2.723321427436854458e-01
2.743131265986078482e-01
2.762800173641404289e-01
2.779626308258527634e-01
2.797034184237275900e-01
2.812307592415839719e-01
2.826360167195391404e-01
2.838579787464737270e-01
2.848729005778309897e-01
2.855794347661165244e-01
2.861662432879797935e-01
2.866317970313928543e-01
2.868267929694774399e-01
2.866982183803299389e-01
2.865613147393292204e-01
2.859096231712962011e-01
2.851321925647155031e-01
2.842496659343142218e-01
2.824423995210443294e-01
2.811017580693322970e-01
2.790290101599827710e-01
2.766602818985646750e-01
2.737438836810193177e-01
2.708732294909134142e-01
2.674281088706421672e-01
2.635127186318127479e-01
2.597083581618653825e-01
2.551019792056557489e-01
2.501506079274538608e-01
2.448720870710010544e-01
2.390599978324749464e-01
2.331902010449338480e-01
2.267327691155365255e-01
2.196127745608577597e-01
2.124938529277390631e-01
2.047199394442047737e-01
1.963069618116002335e-01
1.884799367177006912e-01
1.793269646944131157e-01
1.699220617093987473e-01
1.603230347484702056e-01
1.505490031393482142e-01
1.402281938769663339e-01
1.293109272136996057e-01
1.182412441389178170e-01
1.071943136889264570e-01
9.561981611332928677e-02
8.398452482345697412e-02
7.156437588286240770e-02
5.927386923103999949e-02
4.732025849731846812e-02
3.428568507394189058e-02
2.147640253604851668e-02
8.903900357749100491e-03
-4.113854640340475211e-03
-1.706731904864974836e-02
-3.012291882652246011e-02
-4.291165837971813724e-02
-5.578409488204677524e-02
-6.849707749182742944e-02
-8.101014807147507990e-02
-9.376555892114543656e-02
-1.059325457536313131e-01
-1.181830882020760976e-01
-1.303498991209865454e-01
-1.415227247712710357e-01
-1.522521611332803837e-01
-1.633396758923064129e-01
-1.733595727433103750e-01
-1.834793964465452620e-01
-1.927441293335856454e-01
-2.018181831126652503e-01
-2.098088160477941944e-01
-2.175397014023244535e-01
-2.247777531378880034e-01
-2.313681151432844252e-01
-2.377100431570173256e-01
-2.430614195426557822e-01
-2.477312067666023743e-01
-2.517141873295242194e-01
-2.543395641154660991e-01
-2.573962692171584132e-01
-2.595406140608746970e-01
-2.603534974632762955e-01
-2.607969087756524251e-01
-2.603948243089908576e-01
-2.596122060985645019e-01
-2.574019520595605681e-01
-2.551628115840113287e-01
-2.518619650900307261e-01
-2.486924339404946727e-01
-2.437716037294643812e-01
-2.386745127562396040e-01
-2.329092188547041697e-01
-2.266212607407621094e-01
-2.193699758875889971e-01
-2.115552054298000528e-01
-2.033385336904822982e-01
-1.949513766342059196e-01
-1.851354978211643687e-01
-1.757334874244763645e-01
-1.650130094958676963e-01
-1.549719026034486191e-01
-1.434281384359027411e-01
-1.321219438753599151e-01
-1.203647067214375088e-01
-1.080493164791091754e-01
-9.536097369772128518e-02
-8.295847366900829800e-02
-7.000855318973003838e-02
-5.673952462518100370e-02
-4.316306192063154579e-02
-3.001259017966118048e-02
-1.629598540460552858e-02
-2.245942478101170536e-03
1.164589366939927650e-02
2.538391755107036185e-02
3.918181227577430259e-02
5.333273654039819012e-02
6.707937987892090281e-02
8.064792012318611203e-02
9.414626828971708883e-02
1.079021807498427854e-01
1.214088854325940103e-01
1.347307680874011981e-01
1.476121314790989347e-01
1.609145833571883344e-01
1.735157061790831012e-01
1.862997807364041858e-01
1.986337293337873677e-01
2.106275673900774026e-01
2.223685994034454438e-01
2.344649476167853241e-01
2.456361981927636384e-01
2.567464689566185676e-01
2.673889828479005248e-01
2.783662416762959224e-01
2.884427858683821233e-01
2.987624560872086943e-01
3.081935745317557762e-01
3.176513588229915031e-01
3.269741653424034777e-01
3.357189023131043615e-01
3.445797882850042959e-01
3.530531485685979298e-01
3.613834818273775062e-01
3.693267587409723718e-01
3.771102682237046921e-01
3.844779531325273059e-01
3.918105250681960805e-01
3.989982424442429787e-01
4.061654200136994852e-01
4.126990079026930380e-01
4.193665361475564790e-01
4.257022221174616150e-01
4.319208848851338045e-01
4.379946171629125473e-01
4.439785905452821591e-01
4.497682912888184559e-01
4.553479576773302173e-01
4.610381828131052684e-01
4.664623148414550058e-01
4.714318894085181011e-01
4.766347712311289619e-01
4.817021215924919275e-01
4.865448019844067495e-01
4.914291404188696477e-01
4.961370518513924521e-01
5.005231750982281902e-01
5.050025121703544118e-01
5.094738050115420469e-01
