1.192092896618035525e-08
-1.312902039755647898e-04
-2.602952037747408021e-04
-3.801641103826636225e-04
-4.761822684395955463e-04
-5.678074788368903114e-04
-6.326157945746313516e-04
-6.927055507557899894e-04
-6.839234091542689686e-04
-7.021349585688840822e-04
-6.378453828179697638e-04
-5.557863153922981692e-04
-4.389304293768436782e-04
-2.945823021603954928e-04
-8.794145765703142992e-05
1.148810154346091572e-04
3.917357749388117316e-04
6.908647871427808784e-04
9.779710720219936260e-04
1.339040254133477825e-03
1.722271449920431685e-03
2.108959879642602342e-03
2.574135269709246221e-03
3.048025458384437392e-03
3.525693904346677288e-03
4.057417082962019861e-03
4.581399986116077572e-03
5.084266552428926000e-03
5.623392936606255721e-03
6.220295239166832857e-03
6.738779302882497158e-03
7.343426111794039424e-03
7.948364108549363372e-03
8.439344652398053648e-03
9.018077019933602723e-03
9.540723505679443717e-03
1.009416949893061216e-02
1.070789838110544796e-02
1.123889118096358004e-02
1.176840456509112981e-02
1.233683317395826984e-02
1.283877922954772266e-02
1.348812102038389991e-02
1.389970429134573804e-02
1.453954399207258059e-02
1.499499168598437265e-02
1.546524439916748678e-02
1.597639254865974509e-02
1.648706225688807703e-02
1.702560119414205791e-02
1.753867407556680691e-02
1.809459797240163537e-02
1.837515149315252852e-02
1.886845523253334253e-02
1.927484926900760454e-02
1.979689961178941748e-02
2.021072868254681493e-02
2.053674208547668495e-02
2.092643301887169016e-02
2.132303518994875524e-02
2.155038706827704098e-02
2.188178884355770903e-02
2.221394968518840968e-02
2.241307281810656776e-02
2.262482911527817497e-02
2.285905491880256546e-02
2.301927317325559372e-02
2.306950324401739125e-02
2.325425778064340102e-02
2.321421586619477895e-02
2.325565630939679593e-02
2.308900279211359083e-02
2.298314325635096578e-02
2.287499834815041183e-02
2.257700956904151735e-02
2.236959339822188267e-02
2.213638913570029759e-02
2.168504910210497516e-02
2.122080262568544831e-02
2.079733246150242826e-02
2.022327194314446283e-02
1.958943471194407246e-02
1.899180373865053811e-02
1.829579848516778642e-02
1.760469509879004565e-02
1.677665960809547954e-02
1.579700508876890480e-02
1.488490443918517696e-02
1.396150468122880385e-02
1.283640463071422828e-02
1.178530587406063923e-02
1.083310085218896178e-02
9.513124390776202602e-03
8.469781966121952416e-03
7.184189008837956955e-03
5.956289402341257561e-03
4.773838034452880519e-03
3.210434031297178248e-03
1.803674643884121270e-03
4.602409768483112229e-04
-8.454573835873988030e-04
-2.195479282475085170e-03
-3.585926053683380355e-03
-5.120403766918107946e-03
-6.679345972480141280e-03
-8.207876409755940350e-03
-9.711381889255701894e-03
-1.124902342978829906e-02
-1.275594075911087866e-02
-1.435204374599974297e-02
-1.571500629201125210e-02
-1.722424862120024158e-02
-1.860704197004831029e-02
-2.013222622978945442e-02
-2.156381752662943352e-02
-2.304507874353395325e-02
-2.443746954205860966e-02
-2.580752796831539686e-02
-2.715274171905873724e-02
-2.847700798345703666e-02
-2.981792513756770235e-02
-3.099889353637100275e-02
-3.228545941476962389e-02
-3.362877596869023877e-02
-3.447247214704249330e-02
-3.566997739005559054e-02
-3.654770456533482093e-02
-3.750967508080765844e-02
-3.850074622445281980e-02
-3.931160736367170228e-02
-4.018896189112847184e-02
-4.063787526870099587e-02
-4.138863080053373222e-02
-4.186360264246014040e-02
-4.237320924598514393e-02
-4.258408680516834188e-02
-4.295293369140201767e-02
-4.305265395648838478e-02
-4.339493152384021890e-02
-4.335664143175316232e-02
-4.336341079758687655e-02
-4.338965983032611051e-02
-4.316439063919808028e-02
-4.267896450633656968e-02
-4.236309072599853121e-02
-4.183967209805872223e-02
-4.138050060046288836e-02
-4.067521841520799208e-02
-3.996849857582546184e-02
-3.908378180475141628e-02
-3.830124344288610150e-02
-3.704308829880204046e-02
-3.627231215065906955e-02
-3.490850379019166949e-02
-3.376084885714136785e-02
-3.252854276342875828e-02
-3.114184603194630752e-02
-2.954243939929973584e-02
-2.795479888567514726e-02
-2.649892937854314567e-02
-2.488677582896214879e-02
-2.332940762912166788e-02
-2.148373927257096749e-02
-1.975398334685324331e-02
-1.802855411822984477e-02
-1.624109685237495881e-02
-1.428475139483126322e-02
-1.238628391001617146e-02
-1.035704000778808753e-02
-8.608198344670692226e-03
-6.756742882481486800e-03
-4.743039585527075719e-03
-2.654840449532097635e-03
-6.467522756240240422e-04
1.536966675761475276e-03
3.379375526717881550e-03
5.424471919693002464e-03
7.346350112378385866e-03
9.340572639743194294e-03
1.135510634020314713e-02
1.349358958151569698e-02
1.551205122934615210e-02
1.751999562301422009e-02
1.945484009061237973e-02
2.154746744129548697e-02
2.378574152338794323e-02
2.573849665080729654e-02
2.774101678379622266e-02
2.982596139905849264e-02
3.158675063769657981e-02
3.368433181887829642e-02
3.574944566136246948e-02
3.803379726652876547e-02
3.989198474681827922e-02
4.205419392969841907e-02
4.457164859068882268e-02
4.641579250191844863e-02
4.848935408665747127e-02
5.124396389105020932e-02
5.310281916118875234e-02
5.552568337660393483e-02
5.793758052667555281e-02
6.000276863174189290e-02
6.246945416645138804e-02
6.491669685877204943e-02
6.689549593736540678e-02
6.960822442665484666e-02
7.194444616457221220e-02
7.456669943725452443e-02
7.712319856236643512e-02
7.964424269365089071e-02
8.173798612594496138e-02
8.443425587939890065e-02
8.708612956118944037e-02
8.962406112432946825e-02
9.209897520238979896e-02
9.471915101140804261e-02
9.730020356500879153e-02
9.978520163536230836e-02
1.023367633454227987e-01
1.045252375928881761e-01
1.072599545504138718e-01
1.099487572639772370e-01
1.121001054589604862e-01
1.143639444729693810e-01
1.169984151673454931e-01
1.192680810193936791e-01
1.217966800570937647e-01
1.239408165456176714e-01
1.264169638033558196e-01
1.285104004104615227e-01
1.306096615441498243e-01
1.328940863714925258e-01
1.349418070440486228e-01
1.370678690135525013e-01
1.390109093147269270e-01
1.405966936436522374e-01
1.424332932000487162e-01
1.441943864995904323e-01
1.457878001535728996e-01
1.475558224489819104e-01
1.492943632743751192e-01
1.504273157671596195e-01
1.518987994227518068e-01
1.530738983170883971e-01
1.541708452720654265e-01
1.551963831197084587e-01
1.561181683330480907e-01
1.569692926833126667e-01
1.574625333334192523e-01
1.582993149837673696e-01
1.586022958987584053e-01
1.590454701216231226e-01
1.591995301890392067e-01
1.594719470304021836e-01
1.591085501193385265e-01
1.588099253511080222e-01
1.586152776523419849e-01
1.581524978332782827e-01
1.573917296309645664e-01
1.567752356206494335e-01
1.556410599815967466e-01
1.546075194080692716e-01
1.532797050983533971e-01
1.518781556837389135e-01
1.505208766152739408e-01
1.487592994649956091e-01
1.469789595363706347e-01
1.449275120498941527e-01
1.428727470132616917e-01
1.406028706324320143e-01
1.381994257796424486e-01
1.358423346249705288e-01
1.330731496264598579e-01
1.303857572086550565e-01
1.277130143098643145e-01
1.246794052108094325e-01
1.215547240148907859e-01
1.184597829700292093e-01
1.153793206207230637e-01
1.118323252405697410e-01
1.086556968637598930e-01
1.051385594250234534e-01
1.015859736957543114e-01
9.791499767863272308e-02
9.431780363412864410e-02
9.068878328025253843e-02
8.682503521542495051e-02
8.322088756531717535e-02
7.926160018657404938e-02
7.556496070778437324e-02
7.188441218046293102e-02
6.804008064247332732e-02
6.439082149354891094e-02
6.054741912523753378e-02
5.678712663515717018e-02
5.297272826136478763e-02
4.934181913407920117e-02
4.573807410167601839e-02
4.226813652404942667e-02
3.878340563565013666e-02
3.545857317457690172e-02
3.235599010993051028e-02
2.901825936588281474e-02
2.596957500120605777e-02
2.301784955510460806e-02
2.014255218825350413e-02
1.749569328291272763e-02
1.506879259267290827e-02
1.263349663764029573e-02
1.033654382465687416e-02
8.240748609280701409e-03
6.570283331911508373e-03
4.908147624137493281e-03
3.137860293135119605e-03
2.023272099878237196e-03
7.413063143676956734e-04
-1.244546679065039463e-04
-9.426437894885508761e-04
-1.578246145215622676e-03
-1.918959285332033637e-03
-1.884333204568544584e-03
-1.986830472807954440e-03
-1.797713293371805410e-03
-1.408985510419513698e-03
-5.899237681180058424e-04
2.196146557107980790e-04
8.171326607782081197e-04
2.405505075730618447e-03
3.687260759781874064e-03
4.852112767852911901e-03
6.565243323147451626e-03
8.553797005099006423e-03
1.053950883696824770e-02
1.233761149780254751e-02
1.453075488051858155e-02
1.662483822100147002e-02
1.907741607554214180e-02
2.151906651292889716e-02
2.384910277250487654e-02
2.643393535069099576e-02
2.917497126010720754e-02
3.188888464928232858e-02
3.445743728841860198e-02
3.723317995878208664e-02
3.988271492535505613e-02
4.272934432558773976e-02
4.526194198991431716e-02
4.782465297975149743e-02
5.038307079706375036e-02
5.285510006774056524e-02
5.570299400808645385e-02
5.815382037760066097e-02
6.036569645226022574e-02
6.308684952055494677e-02
6.514489430222586419e-02
6.713759168695604407e-02
6.918612402894080970e-02
7.117551271101277277e-02
7.314448806379986179e-02
7.471056987647503589e-02
7.676142645444686274e-02
7.794643968225939412e-02
7.984184745684524964e-02
8.101108669241707805e-02
8.205801793393002752e-02
8.336644850392715966e-02
8.438230889219178188e-02
8.507506116219842873e-02
8.591074583261237851e-02
8.664631475957840223e-02
8.733070303192103090e-02
8.740754882320916908e-02
8.788662732676166822e-02
8.816206823569527895e-02
8.873086372841054725e-02
8.840924063460869897e-02
8.837650257122192654e-02
8.851628066464956035e-02
8.834584991963301270e-02
8.828250750404498248e-02
8.794241252108336848e-02
8.792951376815821840e-02
8.772073043261807701e-02
8.728911659254284805e-02
8.683225157504365077e-02
8.687316076150886079e-02
8.614066265381942200e-02
8.585584343159674559e-02
8.555240982895923052e-02
8.568898847530453944e-02
8.505251656561985119e-02
8.505348280793256777e-02
8.477159825299529494e-02
8.427256787309478359e-02
8.477809825808158006e-02
8.442182333274450556e-02
8.468114097250534211e-02
8.520384994779328647e-02
8.528386620011485508e-02
8.547451007358308761e-02
8.582584980029539512e-02
8.665858507652457465e-02
8.695184021931323670e-02
8.757699951399366967e-02
8.844233573396553805e-02
8.898855513832826247e-02
9.003260763658005317e-02
9.105812021641235265e-02
9.236278078906445810e-02
9.292629255110973485e-02
9.410092792129332029e-02
9.546676269586440444e-02
9.668570133839005099e-02
9.789560900041771596e-02
9.902775202751190609e-02
1.004279694883971619e-01
1.021046194667026841e-01
1.032437943171528039e-01
1.040939398161829788e-01
1.057757618345378514e-01
1.069423236920590270e-01
1.079804422278745069e-01
1.093970008295487295e-01
1.102805398368609247e-01
1.114000293103831751e-01
1.122270087711838005e-01
1.133382965026336620e-01
1.144248225868307878e-01
1.148305585963006470e-01
1.158463272778307851e-01
1.162858089478995272e-01
1.169748233433978157e-01
1.173437128639615024e-01
1.175168197392307268e-01
1.177618318413175547e-01
1.176694196273239124e-01
1.176808137415460975e-01
1.177436878618881022e-01
1.174752065150774238e-01
1.172765357655582985e-01
1.167349832257388864e-01
1.159602668334323017e-01
1.156370144503133801e-01
1.151919065754408167e-01
1.142059024855109906e-01
1.137116368173677894e-01
1.126871568795952960e-01
1.119181615255206985e-01
1.105617979120602778e-01
1.092562982122794180e-01
1.083711666724221645e-01
1.070626224658812742e-01
1.055706389006799140e-01
1.042224049008293463e-01
1.029814057103847769e-01
1.016776020972494227e-01
1.001579148122992008e-01
9.864722957271263026e-02
9.714997114531512268e-02
9.561351145736758650e-02
9.423843855054948870e-02
9.245564460610340707e-02
9.077501222079352450e-02
8.902113004952058595e-02
8.736160098759200576e-02
8.536940526385555783e-02
8.360158898250123760e-02
8.165650297137155844e-02
8.024439724699411469e-02
7.801238698932444482e-02
7.637520648772724852e-02
7.441219187220424192e-02
7.230864820736371268e-02
7.034932645312325095e-02
6.818089872814872554e-02
6.630930882881660993e-02
6.415666998480001881e-02
6.196493381246553911e-02
5.993884970467938667e-02
5.777938287544248652e-02
5.552075590654664827e-02
5.329287602885879327e-02
5.111427338575746937e-02
4.906091812494228765e-02
4.668306344784978190e-02
4.445347374777791627e-02
4.221784887085677784e-02
3.987768116972706389e-02
3.767698462209645438e-02
3.559508359755225726e-02
3.340936265657057369e-02
3.113544098175780039e-02
2.894879407827105622e-02
2.677486548145491252e-02
2.461792724563088841e-02
2.245316292986948570e-02
2.045505784421480788e-02
1.851316295914040566e-02
1.657004914208876079e-02
