1.282500028610229492e-01
1.283619552850723267e-01
1.284487098455429077e-01
1.285068094730377197e-01
1.285520941019058228e-01
1.285692155361175537e-01
1.285698711872100830e-01
1.285547763109207153e-01
1.285434961318969727e-01
1.285007148981094360e-01
1.284774392843246460e-01
1.284351795911788940e-01
1.283978670835494995e-01
1.283579170703887939e-01
1.283318698406219482e-01
1.282891631126403809e-01
1.282295733690261841e-01
1.282152831554412842e-01
1.281623542308807373e-01
1.281169950962066650e-01
1.280890107154846191e-01
1.280409991741180420e-01
1.279972046613693237e-01
1.279591321945190430e-01
1.279069632291793823e-01
1.278636157512664795e-01
1.277954280376434326e-01
1.277454942464828491e-01
1.276611387729644775e-01
1.276006549596786499e-01
1.275152564048767090e-01
1.274423897266387939e-01
1.273511946201324463e-01
1.273001134395599365e-01
1.272157430648803711e-01
1.271485090255737305e-01
1.270710080862045288e-01
1.269784569740295410e-01
1.269137412309646606e-01
1.268569976091384888e-01
1.268046051263809204e-01
1.267449706792831421e-01
1.266578435897827148e-01
1.266239136457443237e-01
1.265565901994705200e-01
1.265381723642349243e-01
1.265026628971099854e-01
1.264733821153640747e-01
1.264566779136657715e-01
1.264171451330184937e-01
1.263728290796279907e-01
1.263404339551925659e-01
1.263592392206192017e-01
1.263199150562286377e-01
1.263369172811508179e-01
1.262680292129516602e-01
1.262357980012893677e-01
1.262596696615219116e-01
1.262735724449157715e-01
1.262121647596359253e-01
1.262362152338027954e-01
1.262063533067703247e-01
1.262326985597610474e-01
1.262067258358001709e-01
1.261631846427917480e-01
1.261331290006637573e-01
1.260735690593719482e-01
1.261461079120635986e-01
1.260228008031845093e-01
1.260143369436264038e-01
1.259440034627914429e-01
1.259051412343978882e-01
1.258478313684463501e-01
1.257907599210739136e-01
1.257154345512390137e-01
1.256261169910430908e-01
1.255178153514862061e-01
1.254144310951232910e-01
1.253605037927627563e-01
1.252179145812988281e-01
1.250986009836196899e-01
1.250701099634170532e-01
1.250099241733551025e-01
1.248622760176658630e-01
1.247331798076629639e-01
1.246637180447578430e-01
1.245612427592277527e-01
1.244567260146141052e-01
1.243820786476135254e-01
1.243322268128395081e-01
1.242421865463256836e-01
1.240552440285682678e-01
1.241538003087043762e-01
1.239359900355339050e-01
1.240044608712196350e-01
1.239806637167930603e-01
1.238317415118217468e-01
1.239374279975891113e-01
1.238949522376060486e-01
1.238865032792091370e-01
1.237613409757614136e-01
1.236592829227447510e-01
1.236778050661087036e-01
1.236164122819900513e-01
1.238319501280784607e-01
1.238489598035812378e-01
1.238078698515892029e-01
1.238607838749885559e-01
1.238413825631141663e-01
1.238306835293769836e-01
1.238551959395408630e-01
1.237566098570823669e-01
1.238089576363563538e-01
1.238048002123832703e-01
1.239096596837043762e-01
1.239160075783729553e-01
1.239144504070281982e-01
1.240664869546890259e-01
1.240233778953552246e-01
1.240103766322135925e-01
1.240510717034339905e-01
1.241418719291687012e-01
1.241704672574996948e-01
1.241879016160964966e-01
1.242989897727966309e-01
1.242531985044479370e-01
1.243412047624588013e-01
1.243888810276985168e-01
1.243819668889045715e-01
1.244573295116424561e-01
1.244142055511474609e-01
1.244687810540199280e-01
1.245554089546203613e-01
1.245292872190475464e-01
1.245759129524230957e-01
1.245922297239303589e-01
1.246089190244674683e-01
1.246451064944267273e-01
1.245422214269638062e-01
1.245965287089347839e-01
1.245350763201713562e-01
1.244668364524841309e-01
1.244460865855216980e-01
1.244999319314956665e-01
1.244964301586151123e-01
1.244333758950233459e-01
1.243371665477752686e-01
1.243784204125404358e-01
1.243558675050735474e-01
1.243484169244766235e-01
1.242748498916625977e-01
1.244195848703384399e-01
1.242766529321670532e-01
1.244139000773429871e-01
1.243461146950721741e-01
1.243298649787902832e-01
1.243305057287216187e-01
1.244827583432197571e-01
1.245405375957489014e-01
1.246041059494018555e-01
1.245925351977348328e-01
1.246650144457817078e-01
1.246822699904441833e-01
1.247837468981742859e-01
1.248283609747886658e-01
1.249541565775871277e-01
1.251055002212524414e-01
1.251606792211532593e-01
1.252822428941726685e-01
1.253089308738708496e-01
1.252851188182830811e-01
1.254533827304840088e-01
1.255542784929275513e-01
1.255254298448562622e-01
1.257282197475433350e-01
1.257436722517013550e-01
1.258938312530517578e-01
1.258366405963897705e-01
1.257769167423248291e-01
1.259273290634155273e-01
1.260127127170562744e-01
1.259772330522537231e-01
1.261228471994400024e-01
1.260783970355987549e-01
1.261938810348510742e-01
1.258606165647506714e-01
1.260026991367340088e-01
1.260478645563125610e-01
1.260898262262344360e-01
1.261745691299438477e-01
1.262172162532806396e-01
1.261851489543914795e-01
1.261669844388961792e-01
1.263273358345031738e-01
1.263425350189208984e-01
1.261265128850936890e-01
1.263125240802764893e-01
1.264772415161132812e-01
1.261410266160964966e-01
1.265767514705657959e-01
1.265420913696289062e-01
1.263493597507476807e-01
1.267369091510772705e-01
1.264781504869461060e-01
1.264604628086090088e-01
1.269016265869140625e-01
1.267581731081008911e-01
1.267177164554595947e-01
1.266678720712661743e-01
1.265668123960494995e-01
1.265415102243423462e-01
1.271109580993652344e-01
1.268852502107620239e-01
1.267163455486297607e-01
1.268805265426635742e-01
1.270098984241485596e-01
1.269938498735427856e-01
1.269500851631164551e-01
1.270552724599838257e-01
1.270604133605957031e-01
1.275465339422225952e-01
1.273730993270874023e-01
1.269987076520919800e-01
1.275901049375534058e-01
1.277850121259689331e-01
1.275650262832641602e-01
1.278247535228729248e-01
1.276629418134689331e-01
1.278718560934066772e-01
1.277263313531875610e-01
1.278823018074035645e-01
1.280224770307540894e-01
1.279788166284561157e-01
1.280490756034851074e-01
1.280011534690856934e-01
1.280498504638671875e-01
1.282382905483245850e-01
1.283043473958969116e-01
1.283276528120040894e-01
1.283563822507858276e-01
1.282842159271240234e-01
1.282141804695129395e-01
1.283734291791915894e-01
1.283207386732101440e-01
1.283708810806274414e-01
1.283617019653320312e-01
1.284140497446060181e-01
1.284470856189727783e-01
1.284405291080474854e-01
1.284832060337066650e-01
1.284981817007064819e-01
1.284625828266143799e-01
1.284613013267517090e-01
1.285714507102966309e-01
1.285617202520370483e-01
1.286183446645736694e-01
1.285888552665710449e-01
1.286579966545104980e-01
1.286185085773468018e-01
1.286456733942031860e-01
1.286959946155548096e-01
1.287055313587188721e-01
1.287397891283035278e-01
1.287257075309753418e-01
1.288212835788726807e-01
1.287258267402648926e-01
1.287882924079895020e-01
1.287927478551864624e-01
1.288908720016479492e-01
1.288853734731674194e-01
1.288882791996002197e-01
1.289003938436508179e-01
1.289873570203781128e-01
1.289613544940948486e-01
1.289964467287063599e-01
1.291152089834213257e-01
1.291032582521438599e-01
1.291875988245010376e-01
1.291661858558654785e-01
1.291947513818740845e-01
1.292081773281097412e-01
1.293056011199951172e-01
1.293003708124160767e-01
1.292670965194702148e-01
1.293491870164871216e-01
1.294042915105819702e-01
1.294270008802413940e-01
1.294109523296356201e-01
1.294685602188110352e-01
1.294395327568054199e-01
1.293981969356536865e-01
1.294371336698532104e-01
1.294614076614379883e-01
1.294966489076614380e-01
1.294456869363784790e-01
1.294282376766204834e-01
1.294004619121551514e-01
1.294082999229431152e-01
1.293603777885437012e-01
1.293732523918151855e-01
1.293096840381622314e-01
1.293311268091201782e-01
1.293371021747589111e-01
1.292818188667297363e-01
1.292701661586761475e-01
1.292059123516082764e-01
1.291744709014892578e-01
1.291570067405700684e-01
1.291467845439910889e-01
1.290931105613708496e-01
1.290343999862670898e-01
1.289777457714080811e-01
1.290306746959686279e-01
1.289827525615692139e-01
1.288374066352844238e-01
1.288855671882629395e-01
1.287706792354583740e-01
1.287521123886108398e-01
1.286526620388031006e-01
1.285711824893951416e-01
1.285306960344314575e-01
1.285757571458816528e-01
1.284596025943756104e-01
1.284006834030151367e-01
1.283444762229919434e-01
1.283835172653198242e-01
1.283549517393112183e-01
1.281623691320419312e-01
1.283345669507980347e-01
1.282883882522583008e-01
1.281629055738449097e-01
1.281793266534805298e-01
1.282914727926254272e-01
1.283080279827117920e-01
1.282076686620712280e-01
1.282612830400466919e-01
1.281759887933731079e-01
1.283019185066223145e-01
1.283046901226043701e-01
1.282924115657806396e-01
1.282995343208312988e-01
1.283278167247772217e-01
1.283781528472900391e-01
1.283823996782302856e-01
1.284101307392120361e-01
1.283151358366012573e-01
1.283944696187973022e-01
1.283589750528335571e-01
1.282970309257507324e-01
1.282798349857330322e-01
1.282563209533691406e-01
1.283391416072845459e-01
1.282056123018264771e-01
1.281204521656036377e-01
1.281999051570892334e-01
1.280922144651412964e-01
1.280788630247116089e-01
1.280369907617568970e-01
1.279539614915847778e-01
1.280599832534790039e-01
1.278626918792724609e-01
1.278154551982879639e-01
1.279015988111495972e-01
1.277859359979629517e-01
1.278656423091888428e-01
1.278534382581710815e-01
1.276150345802307129e-01
1.277600973844528198e-01
1.277245730161666870e-01
1.277165561914443970e-01
1.275750249624252319e-01
1.275931745767593384e-01
1.276961117982864380e-01
1.277868151664733887e-01
1.276978552341461182e-01
1.277007013559341431e-01
1.276266723871231079e-01
1.277162283658981323e-01
1.276998817920684814e-01
1.274795532226562500e-01
1.276132911443710327e-01
1.275929212570190430e-01
1.274712532758712769e-01
1.274952143430709839e-01
1.274387836456298828e-01
1.275082826614379883e-01
1.273763030767440796e-01
1.273952722549438477e-01
1.273267567157745361e-01
1.273049265146255493e-01
1.273284405469894409e-01
1.273347735404968262e-01
1.274231672286987305e-01
1.276670694351196289e-01
1.276058256626129150e-01
1.273152977228164673e-01
1.275831609964370728e-01
1.274220049381256104e-01
1.274541020393371582e-01
1.274536997079849243e-01
1.275989562273025513e-01
1.274615675210952759e-01
1.273332536220550537e-01
1.274555772542953491e-01
1.274589300155639648e-01
1.276161819696426392e-01
1.277353763580322266e-01
1.276425421237945557e-01
1.276378482580184937e-01
1.272818148136138916e-01
1.276330202817916870e-01
1.276950389146804810e-01
1.275260597467422485e-01
1.274698823690414429e-01
1.274376362562179565e-01
1.275516003370285034e-01
1.274480074644088745e-01
1.272486448287963867e-01
1.273397654294967651e-01
1.275735646486282349e-01
1.273922026157379150e-01
1.274611949920654297e-01
1.275366395711898804e-01
1.274252831935882568e-01
1.274651587009429932e-01
1.275136768817901611e-01
1.275692731142044067e-01
1.275207698345184326e-01
1.273509860038757324e-01
1.276821792125701904e-01
1.274903416633605957e-01
1.275627017021179199e-01
1.276238113641738892e-01
1.275217980146408081e-01
1.276669651269912720e-01
1.276280730962753296e-01
1.278175264596939087e-01
1.277158409357070923e-01
1.276156753301620483e-01
1.277161985635757446e-01
1.277538836002349854e-01
1.276275962591171265e-01
1.277797222137451172e-01
1.277588456869125366e-01
1.276871412992477417e-01
1.278024315834045410e-01
1.275999546051025391e-01
1.277105957269668579e-01
1.275909841060638428e-01
1.277147382497787476e-01
1.277273595333099365e-01
1.276907175779342651e-01
1.277849525213241577e-01
1.278074681758880615e-01
1.277767419815063477e-01
1.278159022331237793e-01
1.276887357234954834e-01
1.278343349695205688e-01
1.277709305286407471e-01
1.277690380811691284e-01
1.276828497648239136e-01
1.278907805681228638e-01
1.278266012668609619e-01
1.278577595949172974e-01
1.278276145458221436e-01
1.278119683265686035e-01
1.277194768190383911e-01
1.278331577777862549e-01
1.276913583278656006e-01
1.276670098304748535e-01
1.276401579380035400e-01
1.276794821023941040e-01
1.277469396591186523e-01
1.276514679193496704e-01
1.276576668024063110e-01
1.275480389595031738e-01
1.275646537542343140e-01
1.275261640548706055e-01
1.274807453155517578e-01
1.274594813585281372e-01
1.275276243686676025e-01
1.274565160274505615e-01
1.273985803127288818e-01
1.273887902498245239e-01
1.274321079254150391e-01
1.273090094327926636e-01
1.273192912340164185e-01
1.272643357515335083e-01
1.272155493497848511e-01
1.272111982107162476e-01
1.272489279508590698e-01
1.272386610507965088e-01
1.272032111883163452e-01
1.272103339433670044e-01
1.272101104259490967e-01
1.272410303354263306e-01
1.272577047348022461e-01
1.273683309555053711e-01
1.275071501731872559e-01
1.276654452085494995e-01
