3.000000119209289551e-01
3.113835155963897705e-01
3.226450681686401367e-01
3.337564468383789062e-01
3.447037041187286377e-01
3.554511666297912598e-01
3.659813702106475830e-01
3.762874305248260498e-01
3.863392472267150879e-01
3.960841596126556396e-01
4.055348634719848633e-01
4.146423935890197754e-01
4.234194457530975342e-01
4.318038225173950195e-01
4.398370981216430664e-01
4.474247097969055176e-01
4.545324444770812988e-01
4.612650871276855469e-01
4.674915671348571777e-01
4.732539653778076172e-01
4.784969687461853027e-01
4.832202196121215820e-01
4.874082207679748535e-01
4.910653531551361084e-01
4.941816329956054688e-01
4.967150092124938965e-01
4.986472129821777344e-01
5.000413060188293457e-01
5.007656812667846680e-01
5.009437203407287598e-01
5.004395246505737305e-01
4.993779659271240234e-01
4.976648092269897461e-01
4.953542053699493408e-01
4.923782348632812500e-01
4.887519478797912598e-01
4.844934940338134766e-01
4.795832931995391846e-01
4.740538597106933594e-01
4.678877294063568115e-01
4.611156582832336426e-01
4.536414444446563721e-01
4.455844163894653320e-01
4.368428587913513184e-01
4.275619983673095703e-01
4.176835715770721436e-01
4.071695506572723389e-01
3.960878551006317139e-01
3.843628466129302979e-01
3.721445500850677490e-01
3.594053387641906738e-01
3.460164666175842285e-01
3.322441577911376953e-01
3.179312646389007568e-01
3.030616939067840576e-01
2.879128158092498779e-01
2.722304463386535645e-01
2.560199499130249023e-01
2.396307885646820068e-01
2.227405607700347900e-01
2.055655121803283691e-01
1.881108880043029785e-01
1.703540831804275513e-01
1.523245275020599365e-01
1.340495198965072632e-01
1.155498772859573364e-01
9.707798063755035400e-02
7.816506922245025635e-02
5.940333008766174316e-02
4.039478302001953125e-02
2.140176296234130859e-02
2.381235361099243164e-03
-1.657548546791076660e-02
-3.563037514686584473e-02
-5.442449450492858887e-02
-7.327753305435180664e-02
-9.184890985488891602e-02
-1.103855073451995850e-01
-1.288925111293792725e-01
-1.469644606113433838e-01
-1.647819280624389648e-01
-1.825964152812957764e-01
-2.000239491462707520e-01
-2.170469164848327637e-01
-2.338327169418334961e-01
-2.502971887588500977e-01
-2.663916945457458496e-01
-2.820067405700683594e-01
-2.973926067352294922e-01
-3.121659159660339355e-01
-3.266226649284362793e-01
-3.403715491294860840e-01
-3.540664315223693848e-01
-3.668305277824401855e-01
-3.795243501663208008e-01
-3.915646076202392578e-01
-4.028615355491638184e-01
-4.138672351837158203e-01
-4.241729974746704102e-01
-4.340116977691650391e-01
-4.430509209632873535e-01
-4.515696763992309570e-01
-4.596496820449829102e-01
-4.669931530952453613e-01
-4.742258787155151367e-01
-4.804786443710327148e-01
-4.860562086105346680e-01
-4.911606311798095703e-01
-4.954917430877685547e-01
-4.992687702178955078e-01
-5.025271177291870117e-01
-5.049072504043579102e-01
-5.069640278816223145e-01
-5.083408355712890625e-01
-5.093428492546081543e-01
-5.095155835151672363e-01
-5.090742707252502441e-01
-5.083752870559692383e-01
-5.067446827888488770e-01
-5.046399235725402832e-01
-5.020647644996643066e-01
-4.990425109863281250e-01
-4.954203963279724121e-01
-4.912729263305664062e-01
-4.867953062057495117e-01
-4.815431833267211914e-01
-4.760531187057495117e-01
-4.701057076454162598e-01
-4.637072086334228516e-01
-4.569256305694580078e-01
-4.495940804481506348e-01
-4.419034719467163086e-01
-4.342553019523620605e-01
-4.258028864860534668e-01
-4.172399640083312988e-01
-4.081274271011352539e-01
-3.989476561546325684e-01
-3.894309997558593750e-01
-3.793855905532836914e-01
-3.694031238555908203e-01
-3.589038252830505371e-01
-3.483584523200988770e-01
-3.374734520912170410e-01
-3.265635967254638672e-01
-3.155108690261840820e-01
-3.039006590843200684e-01
-2.922413945198059082e-01
-2.805914878845214844e-01
-2.687494754791259766e-01
-2.567073106765747070e-01
-2.445244193077087402e-01
-2.321948409080505371e-01
-2.194511294364929199e-01
-2.071634531021118164e-01
-1.945194900035858154e-01
-1.815288662910461426e-01
-1.688960790634155273e-01
-1.559112668037414551e-01
-1.429286003112792969e-01
-1.294694542884826660e-01
-1.163823008537292480e-01
-1.028926670551300049e-01
-8.965021371841430664e-02
-7.614850997924804688e-02
-6.254607439041137695e-02
-4.882979393005371094e-02
-3.509327769279479980e-02
-2.164167165756225586e-02
-7.923066616058349609e-03
5.928874015808105469e-03
1.974982023239135742e-02
3.354215621948242188e-02
4.737821221351623535e-02
6.095336377620697021e-02
7.482938468456268311e-02
8.860002458095550537e-02
1.023625135421752930e-01
1.157508492469787598e-01
1.292022764682769775e-01
1.427402496337890625e-01
1.560334116220474243e-01
1.690408140420913696e-01
1.821008026599884033e-01
1.947725117206573486e-01
2.074119746685028076e-01
2.192356586456298828e-01
2.315546572208404541e-01
2.433750927448272705e-01
2.545440793037414551e-01
2.659918069839477539e-01
2.767817080020904541e-01
2.870438098907470703e-01
2.969342470169067383e-01
3.067827820777893066e-01
3.157111704349517822e-01
3.237824738025665283e-01
3.321350216865539551e-01
3.398385643959045410e-01
3.460767269134521484e-01
3.531204462051391602e-01
3.587726354598999023e-01
3.636293411254882812e-01
3.686227500438690186e-01
3.720698654651641846e-01
3.752072453498840332e-01
3.782583475112915039e-01
3.798543810844421387e-01
3.807969987392425537e-01
3.811367154121398926e-01
3.806084990501403809e-01
3.794757425785064697e-01
3.783534765243530273e-01
3.754635453224182129e-01
3.719556033611297607e-01
3.681332468986511230e-01
3.635393977165222168e-01
3.580230772495269775e-01
3.517319262027740479e-01
3.448861539363861084e-01
3.371229767799377441e-01
3.294680118560791016e-01
3.201708495616912842e-01
3.098476827144622803e-01
3.004684150218963623e-01
2.897617518901824951e-01
2.778463065624237061e-01
2.660716474056243896e-01
2.531017065048217773e-01
2.401594817638397217e-01
2.261895835399627686e-01
2.122196853160858154e-01
1.978813111782073975e-01
1.827712655067443848e-01
1.673586070537567139e-01
1.516710072755813599e-01
1.357146650552749634e-01
1.197903901338577271e-01
1.031118929386138916e-01
8.638592064380645752e-02
6.940294802188873291e-02
5.217379331588745117e-02
3.493863344192504883e-02
1.785194873809814453e-02
4.335939884185791016e-04
-1.675614714622497559e-02
-3.390854597091674805e-02
-5.117556452751159668e-02
-6.822386384010314941e-02
-8.517068624496459961e-02
-1.017753183841705322e-01
-1.186365783214569092e-01
-1.349671781063079834e-01
-1.512093842029571533e-01
-1.672126054763793945e-01
-1.830328702926635742e-01
-1.980286538600921631e-01
-2.128684520721435547e-01
-2.277024388313293457e-01
-2.419111132621765137e-01
-2.555543184280395508e-01
-2.693012952804565430e-01
-2.821712493896484375e-01
-2.947323918342590332e-01
-3.067601919174194336e-01
-3.186078667640686035e-01
-3.298332691192626953e-01
-3.406068086624145508e-01
-3.509786725044250488e-01
-3.608590364456176758e-01
-3.701589703559875488e-01
-3.789911866188049316e-01
-3.873984813690185547e-01
-3.954368233680725098e-01
-4.028300642967224121e-01
-4.098613262176513672e-01
-4.165644049644470215e-01
-4.225748181343078613e-01
-4.282560348510742188e-01
-4.334645867347717285e-01
-4.382709860801696777e-01
-4.424056410789489746e-01
-4.464860558509826660e-01
-4.498921036720275879e-01
-4.528895020484924316e-01
-4.557192921638488770e-01
-4.581404328346252441e-01
-4.600663185119628906e-01
-4.615430235862731934e-01
-4.628864526748657227e-01
-4.636694788932800293e-01
-4.641063809394836426e-01
-4.645356535911560059e-01
-4.645032286643981934e-01
-4.643059372901916504e-01
-4.635699391365051270e-01
-4.627027511596679688e-01
-4.616313576698303223e-01
-4.603387117385864258e-01
-4.587163925170898438e-01
-4.569990038871765137e-01
-4.549077153205871582e-01
-4.528477787971496582e-01
-4.504169821739196777e-01
-4.479735493659973145e-01
-4.453195333480834961e-01
-4.423819780349731445e-01
-4.395549893379211426e-01
-4.364601373672485352e-01
-4.331110715866088867e-01
-4.299324154853820801e-01
-4.265226721763610840e-01
-4.229862093925476074e-01
-4.193295836448669434e-01
-4.155046343803405762e-01
-4.117242693901062012e-01
-4.078001976013183594e-01
-4.036473035812377930e-01
-3.995916247367858887e-01
-3.952983617782592773e-01
-3.911864161491394043e-01
-3.867113590240478516e-01
-3.820544481277465820e-01
-3.776006102561950684e-01
-3.729852437973022461e-01
-3.680563569068908691e-01
-3.631083369255065918e-01
-3.581262826919555664e-01
-3.531236648559570312e-01
-3.476393222808837891e-01
-3.423217535018920898e-01
-3.366640806198120117e-01
-3.309633731842041016e-01
-3.249513506889343262e-01
-3.189727663993835449e-01
-3.127587437629699707e-01
-3.064038753509521484e-01
-2.998507022857666016e-01
-2.930797934532165527e-01
-2.859947085380554199e-01
-2.787896394729614258e-01
-2.714692354202270508e-01
-2.638910412788391113e-01
-2.560095787048339844e-01
-2.481483221054077148e-01
-2.398097515106201172e-01
-2.313925623893737793e-01
-2.229277491569519043e-01
-2.136067152023315430e-01
-2.048325538635253906e-01
-1.954189240932464600e-01
-1.858149766921997070e-01
-1.757826507091522217e-01
-1.659295558929443359e-01
-1.556501984596252441e-01
-1.450639665126800537e-01
-1.347677707672119141e-01
-1.238645315170288086e-01
-1.128275394439697266e-01
-1.016911268234252930e-01
-9.026551246643066406e-02
-7.904326915740966797e-02
-6.751117110252380371e-02
-5.561089515686035156e-02
-4.402250051498413086e-02
-3.210607171058654785e-02
-1.989331841468811035e-02
-8.624583482742309570e-03
3.597259521484375000e-03
1.568406820297241211e-02
2.756464481353759766e-02
3.920730948448181152e-02
5.097219347953796387e-02
6.289833784103393555e-02
7.453215122222900391e-02
8.569008111953735352e-02
9.691530466079711914e-02
1.077352166175842285e-01
1.188694238662719727e-01
1.294004023075103760e-01
1.391193568706512451e-01
1.494441330432891846e-01
1.590700298547744751e-01
1.679887026548385620e-01
1.768869459629058838e-01
1.852616071701049805e-01
1.932871341705322266e-01
2.006041854619979858e-01
2.075745910406112671e-01
2.139680683612823486e-01
2.197585999965667725e-01
2.254044115543365479e-01
2.300921976566314697e-01
2.345128357410430908e-01
2.385193109512329102e-01
2.412229478359222412e-01
2.431971579790115356e-01
2.452673763036727905e-01
2.460329383611679077e-01
2.466873973608016968e-01
2.463026195764541626e-01
2.455706745386123657e-01
2.436271458864212036e-01
2.413245886564254761e-01
2.384592443704605103e-01
2.349059134721755981e-01
2.310937196016311646e-01
2.263105064630508423e-01
2.208951711654663086e-01
2.148722857236862183e-01
2.076005786657333374e-01
2.008981257677078247e-01
1.934498846530914307e-01
1.848647892475128174e-01
1.761321425437927246e-01
1.668024063110351562e-01
1.573660969734191895e-01
1.468006372451782227e-01
1.365281790494918823e-01
1.255380958318710327e-01
1.150443106889724731e-01
1.031837463378906250e-01
9.154954552650451660e-02
7.966637611389160156e-02
6.769484281539916992e-02
5.520775914192199707e-02
4.261681437492370605e-02
3.009378910064697266e-02
1.787862181663513184e-02
4.719913005828857422e-03
-7.534593343734741211e-03
-2.061375975608825684e-02
-3.251793980598449707e-02
-4.542899131774902344e-02
-5.760812759399414062e-02
-6.974697113037109375e-02
-8.195716142654418945e-02
-9.405949711799621582e-02
-1.054025888442993164e-01
-1.168284416198730469e-01
-1.281187534332275391e-01
-1.392730474472045898e-01
-1.495701968669891357e-01
-1.600156426429748535e-01
-1.703909337520599365e-01
-1.802195012569427490e-01
-1.895215511322021484e-01
-1.985272169113159180e-01
-2.075466513633728027e-01
-2.158399820327758789e-01
-2.236511707305908203e-01
-2.311061620712280273e-01
-2.385509014129638672e-01
-2.454968690872192383e-01
-2.520266771316528320e-01
-2.579027414321899414e-01
-2.640045881271362305e-01
-2.692274451255798340e-01
-2.744728922843933105e-01
-2.791247367858886719e-01
-2.833094000816345215e-01
-2.871300578117370605e-01
-2.912101149559020996e-01
-2.942838072776794434e-01
-2.972292304039001465e-01
-2.996528744697570801e-01
-3.023697733879089355e-01
-3.041562438011169434e-01
-3.061671257019042969e-01
-3.072809576988220215e-01
-3.084223866462707520e-01
-3.094384074211120605e-01
-3.098937869071960449e-01
-3.104898333549499512e-01
-3.107292056083679199e-01
-3.108620047569274902e-01
-3.106490969657897949e-01
-3.103219866752624512e-01
-3.096281886100769043e-01
-3.089513778686523438e-01
-3.081842064857482910e-01
-3.074528574943542480e-01
-3.061456680297851562e-01
-3.050311207771301270e-01
-3.036440014839172363e-01
-3.021993637084960938e-01
-3.006692528724670410e-01
-2.991085648536682129e-01
-2.974123358726501465e-01
-2.955642342567443848e-01
-2.938842177391052246e-01
-2.919949889183044434e-01
-2.897074818611145020e-01
-2.877090573310852051e-01
-2.856305241584777832e-01
-2.833825945854187012e-01
-2.812317013740539551e-01
-2.789601683616638184e-01
-2.764233946800231934e-01
-2.740375399589538574e-01
-2.717029452323913574e-01
