-1.192092896618035525e-08
-6.247056738278300436e-04
-1.264353022215558564e-03
-1.883541541297495403e-03
-2.477126889620484551e-03
-2.980817269834012961e-03
-3.547269457664647963e-03
-4.148042842399224384e-03
-4.786729431235758891e-03
-5.480520325280568983e-03
-5.961893950662822128e-03
-6.452021176821642889e-03
-7.045983604588079707e-03
-7.608471549801154588e-03
-8.073010572785893624e-03
-8.821145408648145558e-03
-9.531163599794140184e-03
-1.015285427344320146e-02
-1.097872239919481241e-02
-1.171040295154263111e-02
-1.219496127605451674e-02
-1.279610395869996975e-02
-1.342564704025571432e-02
-1.413592130047060247e-02
-1.437176695406496008e-02
-1.499074772060493554e-02
-1.551949829124846247e-02
-1.586862169736643138e-02
-1.651510719845323411e-02
-1.686205770054029912e-02
-1.729706009284201831e-02
-1.773865945910536174e-02
-1.837676195115395261e-02
-1.899076700381918670e-02
-1.937809917626781564e-02
-1.961871148949251298e-02
-1.984024616333937563e-02
-2.021569832242675613e-02
-2.077348172791615433e-02
-2.095065204098156553e-02
-2.106394058124114177e-02
-2.139477845757406516e-02
-2.129948851972537915e-02
-2.151294372745629624e-02
-2.168380388418011950e-02
-2.167167046200130232e-02
-2.183699476316952603e-02
-2.133554309030821772e-02
-2.133553370294649643e-02
-2.116750985338988755e-02
-2.065361981505753342e-02
-2.034493305009349440e-02
-1.982682568400723211e-02
-1.968844814588627257e-02
-1.867795577111824867e-02
-1.826510163431310785e-02
-1.746281052954012925e-02
-1.670602101972140652e-02
-1.583257799188075854e-02
-1.483234652421044908e-02
-1.407761461904971645e-02
-1.308909328316582021e-02
-1.200298730968379912e-02
-1.068625637214098978e-02
-9.719351858422764501e-03
-8.870762133015297479e-03
-7.641608050183379408e-03
-6.030433633057774578e-03
-5.119160165049874145e-03
-3.585405166478539130e-03
-2.280799255065191211e-03
-7.698540792477892580e-04
7.464544924031812911e-04
2.276300361658378790e-03
4.123810825699680827e-03
5.751816768149009551e-03
7.570409954451184920e-03
9.286434336185867000e-03
1.126693817307033996e-02
1.323030738238345494e-02
1.525972026557737005e-02
1.752263558034744539e-02
1.934226164659669234e-02
2.191570665913489258e-02
2.449133418633514525e-02
2.683128249724686665e-02
2.912675285567573047e-02
3.187178022213993378e-02
3.451206928816702435e-02
3.713699883270771274e-02
3.993863525667445957e-02
4.280297983848924126e-02
4.579008396045874951e-02
4.903336476521141796e-02
5.192743564887347674e-02
5.508644086685604568e-02
5.824819269573477953e-02
6.135914041645573747e-02
6.467097226481177685e-02
6.752706181456111234e-02
7.078850388306337504e-02
7.439945826882543578e-02
7.733387991328405375e-02
8.081474424531961964e-02
8.350880131162799480e-02
8.660648868535328337e-02
8.973976532540109408e-02
9.258890661013208234e-02
9.535358879869153259e-02
9.816573636878248021e-02
1.004925518079251845e-01
1.031592405313478539e-01
1.055805816995995794e-01
1.075099318223162181e-01
1.095921890881197680e-01
1.113455438360336225e-01
1.134839601631020545e-01
1.150508947861191567e-01
1.165769241909276333e-01
1.171941888990800096e-01
1.189511162065768207e-01
1.198345784532979796e-01
1.202880187215984165e-01
1.209597001443835640e-01
1.214912281090515245e-01
1.216895891823282505e-01
1.219068161203239464e-01
1.220315683045600785e-01
1.216445732529020107e-01
1.213918878085305519e-01
1.201937456648572988e-01
1.202062706429926076e-01
1.195912211431027217e-01
1.186814300964695035e-01
1.175303541153994713e-01
1.160420985697498963e-01
1.155093045778866623e-01
1.139376279136841696e-01
1.133553516490946877e-01
1.107737836956109445e-01
1.096505152789685744e-01
1.083379457749475971e-01
1.064420188762388308e-01
1.043090571562513280e-01
1.024440889793212794e-01
1.008918775654109590e-01
9.852778319340088631e-02
9.708955632211352382e-02
9.482671513273410735e-02
9.255662940940673211e-02
9.060930200439870630e-02
8.842338501076851820e-02
8.613288614458908254e-02
8.399984012711281256e-02
8.262393458901062804e-02
7.983043106990361792e-02
7.835882690891077251e-02
7.574165286345063697e-02
7.336380340602655092e-02
7.113905089980904206e-02
6.858520781931787269e-02
6.647681386522136249e-02
6.351183142942817828e-02
6.139425368884243728e-02
5.782895593260573008e-02
5.547290522708347993e-02
5.258120750784306408e-02
5.026068487796397921e-02
4.686096120464028347e-02
4.361310921130362450e-02
3.956327930888547950e-02
3.720886684437024750e-02
3.363657301773054220e-02
2.955194495989338366e-02
2.513665912359214216e-02
2.145175952150091270e-02
1.686758148915440403e-02
1.199629507372063086e-02
6.841988415771049770e-03
1.949346958579067923e-03
-3.422054904959448418e-03
-9.378830145507277560e-03
-1.516444366097158269e-02
-2.128818985554004062e-02
-2.768765378514570497e-02
-3.426113877630709847e-02
-4.162547769426305777e-02
-4.844632956248129396e-02
-5.555700825095960527e-02
-6.403713676434691360e-02
-7.170904208854061990e-02
-7.979745099664642405e-02
-8.830859052320227942e-02
-9.667249523741172634e-02
-1.055662899971901991e-01
-1.145638878791988280e-01
-1.239328412782246813e-01
-1.328525706669211603e-01
-1.422795484703261448e-01
-1.518606737464044121e-01
-1.612003788517497871e-01
-1.704984327579030789e-01
-1.802517852545628130e-01
-1.895727709368396352e-01
-1.989047420459113535e-01
-2.079932007852960396e-01
-2.175399731048898444e-01
-2.263959780887947748e-01
-2.352520577450079031e-01
-2.437275608312459707e-01
-2.518227928785911618e-01
-2.599902620957356691e-01
-2.676837713247242068e-01
-2.751732708739911271e-01
-2.822106960722983171e-01
-2.886226193057495060e-01
-2.943807186238411866e-01
-3.001477095084997271e-01
-3.053124798675363460e-01
-3.101703188169691039e-01
-3.140039036093365543e-01
-3.176511957470935510e-01
-3.200227808545072494e-01
-3.224951975469771970e-01
-3.241532859437472047e-01
-3.254541151628180251e-01
-3.257112639827849931e-01
-3.253806507070622356e-01
-3.244153344902773739e-01
-3.231769174149936030e-01
-3.204345001907062396e-01
-3.176877865636248410e-01
-3.137137954960661501e-01
-3.096323137927800562e-01
-3.044266163704507644e-01
-2.987498968665507904e-01
-2.925046591105743832e-01
-2.863035513649599406e-01
-2.785090376868782913e-01
-2.705613423385231364e-01
-2.617237299284516650e-01
-2.523841606641912261e-01
-2.423187573369040004e-01
-2.323992249544977184e-01
-2.224326126637095058e-01
-2.105769400773815914e-01
-1.988502070652197196e-01
-1.867809962618893205e-01
-1.743924084901646854e-01
-1.626001766954384697e-01
-1.489576615736147303e-01
-1.363428932488308098e-01
-1.235522122598105565e-01
-1.087320179455940616e-01
-9.575813646624936615e-02
-8.172731318332765449e-02
-6.913299071774059446e-02
-5.523332360441629563e-02
-4.129207239354015790e-02
-2.755206033006873945e-02
-1.448254930091619208e-02
-1.206498287598112285e-04
1.259292017751717507e-02
2.574867333496702604e-02
3.898268948446675930e-02
5.157241939398302111e-02
6.432881156255060295e-02
7.626878114078095017e-02
8.812227481187209777e-02
9.873375504065678987e-02
1.104080525962528869e-01
1.204330278225193424e-01
1.306385366837452544e-01
1.407870444524510212e-01
1.497002778287247482e-01
1.590464228802953295e-01
1.670095562041628012e-01
1.750899303861098988e-01
1.816290941027847716e-01
1.893543240798506444e-01
1.955335685198638374e-01
2.008662113583492281e-01
2.065024190989499520e-01
2.112218573688138257e-01
2.147596402949285554e-01
2.191166984089338854e-01
2.226861408018280808e-01
2.255046467166154645e-01
2.274356303088838072e-01
2.299486285749467451e-01
2.304320873358495780e-01
2.316184988756490037e-01
2.322764608771012429e-01
2.318672170460643889e-01
2.314776037366216843e-01
2.311091550987695586e-01
2.297263522278858161e-01
2.278915391481035890e-01
2.262639869618507382e-01
2.241898224737211842e-01
2.221459350509813191e-01
2.195142776046424549e-01
2.166851943239976319e-01
2.136300388818682949e-01
2.107610392801476384e-01
2.072058986572901940e-01
2.041141990121527472e-01
2.004785114423956460e-01
1.967930682791656505e-01
1.933683879015353768e-01
1.895499834344445689e-01
1.858666440984433899e-01
1.826621773287276373e-01
1.790367640507597446e-01
1.754427472342463268e-01
1.714379084413180376e-01
1.686366874840938279e-01
1.653862655039111673e-01
1.621531880217715049e-01
1.593342740030994908e-01
1.561850334180844846e-01
1.535983691113479710e-01
1.510906698999498476e-01
1.481872996767354123e-01
1.460333536835628221e-01
1.436989979406302631e-01
1.418646160652893562e-01
1.401799435295379148e-01
1.381258158064924413e-01
1.367512344691467763e-01
1.353392914490028631e-01
1.336660731142668701e-01
1.324690339865614574e-01
1.311443578619592987e-01
1.298702702371491713e-01
1.290835098179485274e-01
1.281102562368302000e-01
1.266746290662795205e-01
1.259309093176093908e-01
1.248656634009820410e-01
1.238176250670505463e-01
1.225001116518655009e-01
1.213027322359118143e-01
1.202242353510886430e-01
1.183339932283835605e-01
1.172595217847050841e-01
1.154137330049055388e-01
1.132523178116231211e-01
1.112714039705338387e-01
1.085095292931806954e-01
1.058554715569446081e-01
1.033245551894080017e-01
9.967688515721806475e-02
9.604616284047179375e-02
9.229667294340668238e-02
8.803068610371952984e-02
8.356304880811232794e-02
7.829249308094654580e-02
7.280817409080822533e-02
6.726672255210833229e-02
6.112436305859902941e-02
5.452049018935226088e-02
4.765261473971342532e-02
4.016555751750328085e-02
3.233614159230949192e-02
2.444405613544940736e-02
1.584835325772063208e-02
6.994171055665909797e-03
-2.180541074280159530e-03
-1.148052350415584844e-02
-2.145147704968124180e-02
-3.152032549908427572e-02
-4.220935833005350774e-02
-5.241014460435439171e-02
-6.319024633687354842e-02
-7.435492181819758351e-02
-8.541058504271872853e-02
-9.681551819788886126e-02
-1.078185585583906203e-01
-1.192147425121072579e-01
-1.306035967834323908e-01
-1.415939582386340490e-01
-1.530428964004438286e-01
-1.637372780643858716e-01
-1.746925225012569416e-01
-1.852056461332986514e-01
-1.955332751804836622e-01
-2.056563998127773352e-01
-2.152599460115801333e-01
-2.245734160517588174e-01
-2.336501269459774488e-01
-2.420185846478949965e-01
-2.498981459090492407e-01
-2.570303061569711445e-01
-2.639955526471310931e-01
-2.703959323568073669e-01
-2.758632479415427108e-01
-2.807891311169575799e-01
-2.849064819934332693e-01
-2.887812594600589478e-01
-2.916485930003731020e-01
-2.936682955517911364e-01
-2.950417260324099678e-01
-2.955492754246564768e-01
-2.955987469157136394e-01
-2.947673180399392190e-01
-2.929528929428440454e-01
-2.904614876262017753e-01
-2.873607546312060279e-01
-2.834012815191656598e-01
-2.787041487515843907e-01
-2.733372090059685289e-01
-2.672517127229011580e-01
-2.604010749012848902e-01
-2.527242056015518434e-01
-2.445610726833198911e-01
-2.358035672217042300e-01
-2.266040266538100201e-01
-2.167188301729741362e-01
-2.061751505353591196e-01
-1.952583689419618573e-01
-1.841290763188695445e-01
-1.722975254114048338e-01
-1.601348658285933479e-01
-1.477222069089625944e-01
-1.350957347440274181e-01
-1.221657723746150115e-01
-1.089562883723081688e-01
-9.570766783495125718e-02
-8.247569285380976223e-02
-6.870097610355499484e-02
-5.552831196316030532e-02
-4.219774816826721980e-02
-2.899182734383062149e-02
-1.557718045784423251e-02
-2.585997560163318110e-03
1.032977143044919166e-02
2.306938954285805282e-02
3.541847040846858585e-02
4.752227010718970690e-02
5.914433363579323089e-02
7.060979153732228897e-02
8.152027106184397964e-02
9.226304600813300949e-02
1.025972783451442744e-01
1.124265413006331482e-01
1.218107682234907951e-01
1.307160519547698185e-01
1.389608697850434615e-01
1.469006839479498061e-01
1.543686088287554714e-01
1.614286396655193190e-01
1.679605018512674297e-01
1.741060018022107803e-01
1.796330741145334420e-01
1.844919017328453259e-01
1.890192430991266270e-01
1.931186227366707975e-01
1.970336226418973324e-01
2.002117075512844513e-01
2.029507116008907319e-01
2.053052395183545820e-01
2.072814159263277334e-01
2.088982671895307786e-01
2.103513579811902845e-01
2.113907154915277142e-01
2.120235289679339163e-01
2.123684375552518933e-01
2.126365444852428843e-01
2.125538187331867668e-01
2.122320088984941955e-01
2.116631818441052637e-01
2.110266728296440741e-01
2.101577566693532961e-01
2.091524055351416111e-01
2.080064480402793181e-01
2.068350429300450100e-01
2.054991106532405576e-01
2.040874432451141307e-01
2.026147821892831380e-01
2.010942360203105961e-01
1.995510400922901051e-01
1.980177309033865629e-01
1.964578124083558863e-01
1.948799138469676229e-01
1.933278635640040266e-01
1.917647979840692574e-01
1.901688655671909256e-01
1.886357378401797569e-01
1.871200436747427753e-01
1.856212180769243603e-01
1.842946163868070253e-01
1.828224642038257797e-01
1.813609980866192906e-01
1.798975990422889137e-01
1.784515763339938887e-01
1.769647763379510463e-01
1.754536207495136779e-01
1.739059250197285134e-01
1.723101665116120451e-01
