-5.960464483090177623e-09
3.068563140796731759e-04
5.764229602164550048e-04
8.184808018759370807e-04
1.138287323443148980e-03
1.452305009064069896e-03
1.732852699466741475e-03
2.017996358180257355e-03
2.280665266231052257e-03
2.515240155441939018e-03
2.839526399310982052e-03
3.116434170205989451e-03
3.402991491201851071e-03
3.720426137574561753e-03
4.032174222136197805e-03
4.249578010638549452e-03
4.424897795051785376e-03
4.579141740933767579e-03
4.856876959325517884e-03
4.985032597795702181e-03
5.319569665155760019e-03
5.707608350147413967e-03
5.779785251265018298e-03
6.046141271425553576e-03
6.462136534246820663e-03
6.724594773224845667e-03
7.011547046915561632e-03
7.299691329510832327e-03
7.672182322537524080e-03
7.994915552132775272e-03
8.479835614417258194e-03
8.906410651299961900e-03
9.293463180487460118e-03
9.777198031413136814e-03
1.021364826459994490e-02
1.074245538714602155e-02
1.158918206416847951e-02
1.224893592962567057e-02
1.291207917576243924e-02
1.376309771239811464e-02
1.475061694531579204e-02
1.553441742636038625e-02
1.673308960182856575e-02
1.768576478745284564e-02
1.875711251656279888e-02
1.976946492330060312e-02
2.100667975312278668e-02
2.239331708107414332e-02
2.335253503394048302e-02
2.457179840382918423e-02
2.590566508449747285e-02
2.693877136919202442e-02
2.810496818087236323e-02
2.918858332463820579e-02
3.050167635524464113e-02
3.152176585217511540e-02
3.282261663910844562e-02
3.368142594180554422e-02
3.478196696547892347e-02
3.585069645534386118e-02
3.685014712646101503e-02
3.749524218863246189e-02
3.851245974964190993e-02
3.926593434375754560e-02
3.987753415716698696e-02
4.039365735307172411e-02
4.066115725382124513e-02
4.123636019734428643e-02
4.113510442996466676e-02
4.133315935671524888e-02
4.123301968616674418e-02
4.102943826884976330e-02
4.071486272666129808e-02
4.021849261005021325e-02
3.955951601439158111e-02
3.873955090905568249e-02
3.798906014199256165e-02
3.656932598494541664e-02
3.545072174381195401e-02
3.389244005811641036e-02
3.222542144361784794e-02
3.062634923771658663e-02
2.871106166975471302e-02
2.676273985338518957e-02
2.464866557114788609e-02
2.232144208567472810e-02
1.987109879204498886e-02
1.746574628394829964e-02
1.470857163548484892e-02
1.174941190331129509e-02
9.085630726535842694e-03
6.031270076163677829e-03
3.095920878268557108e-03
-2.709962103261687183e-05
-3.219752957303839702e-03
-6.329965770261708480e-03
-9.452043356639253102e-03
-1.287967568441850119e-02
-1.628821313995375275e-02
-1.969091856179686073e-02
-2.281978128695726082e-02
-2.589936549490504114e-02
-2.905806719473105759e-02
-3.213009456806972808e-02
-3.557839006316915187e-02
-3.852765010113132216e-02
-4.166559656553009416e-02
-4.468205119524740199e-02
-4.717184074992655796e-02
-5.012761266248119685e-02
-5.299190504273135205e-02
-5.516115091785020463e-02
-5.744100255898959562e-02
-5.953520920282678874e-02
-6.161247367340494385e-02
-6.346683497847047106e-02
-6.481520822465750009e-02
-6.621263540336636000e-02
-6.758818771312932738e-02
-6.874650401913490194e-02
-6.945705656417547336e-02
-6.967629910902475854e-02
-7.031972381686552032e-02
-7.035132860932175047e-02
-6.989515797306555811e-02
-6.956816717667849148e-02
-6.863616894154517256e-02
-6.769244544478716930e-02
-6.653656786919795452e-02
-6.486847452907906764e-02
-6.345146155218397976e-02
-6.091433829284192969e-02
-5.851786176994822064e-02
-5.554029214642569601e-02
-5.302381774457121111e-02
-5.011197063775010840e-02
-4.620010059833987159e-02
-4.282729656046010969e-02
-3.833651542917748678e-02
-3.467810888108352474e-02
-3.019565406185084622e-02
-2.533966521562383556e-02
-2.068381124785996505e-02
-1.591864886128646628e-02
-1.091071792896478043e-02
-5.524697649851265102e-03
-4.219830250277167849e-04
5.525637507839326057e-03
1.085703610401900221e-02
1.628859600306988009e-02
2.173943578499006740e-02
2.765205467790156704e-02
3.293154779667850640e-02
3.840675914177008043e-02
4.422704669848924464e-02
4.950394255169943136e-02
5.496688262825116800e-02
6.014797264061776116e-02
6.508676184678152676e-02
6.987680783185554190e-02
7.472225716700425791e-02
7.908184825795624984e-02
8.322806049119660377e-02
8.747665645902397147e-02
9.079456907833580170e-02
9.450721638788314727e-02
9.777521737375358124e-02
1.012308177985317692e-01
1.034076185761198530e-01
1.060188764811074713e-01
1.074314263732620844e-01
1.096967531789736494e-01
1.111692862398913628e-01
1.121813746277444124e-01
1.123721385829757335e-01
1.133746188528383381e-01
1.131384669997965164e-01
1.126936531968347754e-01
1.120492219032245274e-01
1.113382037937343805e-01
1.096840325907239566e-01
1.081248623752704141e-01
1.063076237100475385e-01
1.041088269715074732e-01
1.017109491964075518e-01
9.908448658472129855e-02
9.554813939841516612e-02
9.288043972987886088e-02
8.914257487861765306e-02
8.523241238810291831e-02
8.114073380406222613e-02
7.726428443831562243e-02
7.296782971820386932e-02
6.866702800868490497e-02
6.358030353041238536e-02
5.901867491842577307e-02
5.431172567225422965e-02
4.930551585429887584e-02
4.424483202337337051e-02
3.902037556923471096e-02
3.411851796315468199e-02
2.890428873387040909e-02
2.384096737924840115e-02
1.861519591596833001e-02
1.360363925254282069e-02
8.820329951413963254e-03
3.998764612678451513e-03
-1.002918108338413106e-03
-5.651628497820693209e-03
-1.012258808856592029e-02
-1.448068605576713352e-02
-1.876660392618412221e-02
-2.276757853706759538e-02
-2.681740794371376135e-02
-3.037502058580157649e-02
-3.396229962556435167e-02
-3.703428119688081943e-02
-4.021476510430238571e-02
-4.288694579424084941e-02
-4.550668125736130609e-02
-4.772641355487010351e-02
-5.002195219514245228e-02
-5.156722233086219465e-02
-5.347633132215205698e-02
-5.460511630433252661e-02
-5.596433366823781036e-02
-5.693243336127427195e-02
-5.775925871905897291e-02
-5.843984397462374802e-02
-5.905884657473460531e-02
-5.916181388691077458e-02
-5.939253448455465711e-02
-5.950571499100834605e-02
-5.957493737412555834e-02
-5.930512543414715593e-02
-5.936228412356903128e-02
-5.930667931064902837e-02
-5.957351197304734669e-02
-5.947072363936881101e-02
-5.947643498352669922e-02
-5.934944521201028500e-02
-5.971273650470108885e-02
-5.947017160159423499e-02
-6.054947002753836849e-02
-6.154972311966339094e-02
-6.226360291854546314e-02
-6.312613935592473191e-02
-6.449237479826572250e-02
-6.605537133220476531e-02
-6.838957099971793019e-02
-7.010477461069763994e-02
-7.295044977694908894e-02
-7.586431883629268791e-02
-7.847740552159668259e-02
-8.217156304729486549e-02
-8.567360805412427283e-02
-9.003447935747871389e-02
-9.449973086712956660e-02
-9.909152517110031422e-02
-1.037528103861186102e-01
-1.089363314384070303e-01
-1.139810049341002940e-01
-1.200974891231065822e-01
-1.259854668605063233e-01
-1.316134435185189466e-01
-1.375809652559031315e-01
-1.435948561885254104e-01
-1.501155983506605729e-01
-1.565837418106839629e-01
-1.632164770037633494e-01
-1.693619227607232047e-01
-1.760394125751717498e-01
-1.823714529213724123e-01
-1.882562754669580563e-01
-1.944181575756662728e-01
-1.999821323020312125e-01
-2.057176113499651349e-01
-2.108742367935610984e-01
-2.158690923349573243e-01
-2.201560312854913826e-01
-2.243352343669775539e-01
-2.283227526054493195e-01
-2.315378761076090641e-01
-2.341211148378609663e-01
-2.365429593607866199e-01
-2.378800757538951927e-01
-2.387707022923346578e-01
-2.391936488912847492e-01
-2.389142092499968451e-01
-2.375994081547981862e-01
-2.364457983846032785e-01
-2.337792832659820186e-01
-2.305289107972640084e-01
-2.269273619686629218e-01
-2.224910208014390101e-01
-2.166861368324087267e-01
-2.107599479945551635e-01
-2.040934013802519487e-01
-1.963877203200609656e-01
-1.879751344318791872e-01
-1.784384278034122917e-01
-1.686440802693067731e-01
-1.580188192320024498e-01
-1.468199926335860828e-01
-1.346407439057554223e-01
-1.222983955830340141e-01
-1.089545941183471256e-01
-9.510399779963055189e-02
-8.090570579409428476e-02
-6.583579508814338399e-02
-5.064297481689741809e-02
-3.472729118319854702e-02
-1.848649508641420081e-02
-2.010521713875113026e-03
1.482453033738421327e-02
3.142121846460398799e-02
4.900760599915557347e-02
6.623232447306064141e-02
8.367537383692033592e-02
1.011985118682617868e-01
1.187808336157544081e-01
1.360781766660317804e-01
1.532889017567840573e-01
1.701795498486951552e-01
1.869428485873905477e-01
2.034919375732368307e-01
2.196938728721431755e-01
2.355377576629434921e-01
2.511218446643158630e-01
2.661494882094750380e-01
2.806808446554833747e-01
2.942585692473509984e-01
3.078006410632942447e-01
3.204067309922776219e-01
3.325887993149188038e-01
3.443683652163153086e-01
3.550406695257103951e-01
3.650842849638842313e-01
3.746463789812064515e-01
3.835849531043571403e-01
3.914656851734049092e-01
3.987485233014579911e-01
4.051837033578891134e-01
4.109879636764547373e-01
4.159094419303125401e-01
4.200953814941901232e-01
4.236675951014283736e-01
4.263489382862029053e-01
4.286795900502349266e-01
4.300735771271189112e-01
4.307550197934491010e-01
4.308375335369553083e-01
4.301288331955570032e-01
4.288496388035175078e-01
4.267371400330127740e-01
4.243438790295548380e-01
4.211675316597967567e-01
4.173743206844293119e-01
4.130604319741654762e-01
4.084744225877126600e-01
4.031671608492520265e-01
3.973549487603408870e-01
3.910246596958186771e-01
3.846430759303194891e-01
3.775914261395929561e-01
3.704043434997721929e-01
3.624072015811480307e-01
3.544051898599748784e-01
3.462469285939052122e-01
3.375495404796271526e-01
3.286320027073102445e-01
3.197026009042207573e-01
3.104790473387515903e-01
3.010769313640419553e-01
2.914361290899432078e-01
2.817774834493310121e-01
2.720126453952918522e-01
2.619891634830866511e-01
2.519300596921142943e-01
2.419501089351401291e-01
2.319078264365277420e-01
2.219727272857136002e-01
2.117992721277468515e-01
2.016875048349847654e-01
1.916256170906387724e-01
1.817165721140460710e-01
1.715650529096103549e-01
1.617104014722579308e-01
1.516817175895817660e-01
1.418832458959606857e-01
1.321074134334634387e-01
1.223640458976827383e-01
1.127763009720426091e-01
1.032828484671837466e-01
9.375507029761302735e-02
8.423458178064205382e-02
7.478656296944076465e-02
6.547172817587193494e-02
5.618992127391395086e-02
4.695919095975076285e-02
3.763813363117010646e-02
2.872619382065538796e-02
1.957709658196274405e-02
1.045631027590605833e-02
1.170706202642642774e-03
-7.880366466934681652e-03
-1.690665490789144965e-02
-2.621457636698221530e-02
-3.524991153930173704e-02
-4.442969556710370249e-02
-5.365037638112872542e-02
-6.289555428981831453e-02
-7.239847672772321829e-02
-8.174578211631812474e-02
-9.105710120314938760e-02
-1.007334402866473938e-01
-1.103806400647177333e-01
-1.201286411744977994e-01
-1.298618673810083279e-01
-1.398703194031583330e-01
-1.498031796739412724e-01
-1.598429121166242972e-01
-1.698369678147179651e-01
-1.800623314978441469e-01
-1.902425678762484362e-01
-2.005861890011443327e-01
-2.109392771745687567e-01
-2.212119050132340947e-01
-2.317718434253820126e-01
-2.423705266016865645e-01
-2.527549205760329931e-01
-2.632732643660538052e-01
-2.736401722249031665e-01
-2.840483612923582202e-01
-2.942172331357160164e-01
-3.045216025445872665e-01
-3.148130675031970971e-01
-3.248334819516691674e-01
-3.347282668558184682e-01
-3.444697341830672555e-01
-3.541258982185981341e-01
-3.634664237776805695e-01
-3.727236601494927082e-01
-3.816142253558205688e-01
-3.902312832537576659e-01
-3.986256383734999575e-01
-4.066729329717897468e-01
-4.143465200763433720e-01
-4.217433867143492998e-01
-4.287936433895346844e-01
-4.353344962929640016e-01
-4.416140311739782387e-01
-4.472090423828954386e-01
-4.523896323282938781e-01
-4.570283451745903447e-01
-4.612604881521438216e-01
-4.648663554296148526e-01
-4.679332288297091136e-01
-4.702026843973563519e-01
-4.720400875685153430e-01
-4.732158468747204583e-01
-4.737707142505298008e-01
-4.735829964093570821e-01
-4.727149675591718614e-01
-4.710079708011792321e-01
-4.686720450342559685e-01
-4.656164009247864000e-01
-4.618144993325179470e-01
-4.570741220390152626e-01
-4.517011425383266054e-01
-4.455423905213533597e-01
-4.386255289839192661e-01
-4.308433279127019677e-01
-4.224234508739403426e-01
-4.131382165548784235e-01
-4.030903990050901942e-01
-3.922340826486764853e-01
-3.806707990718415924e-01
-3.683781404704719042e-01
-3.553662596785350236e-01
-3.416656172650381351e-01
-3.272786472519449985e-01
-3.122306453090642475e-01
-2.965808752018235239e-01
-2.803324576876624619e-01
-2.635098391586215283e-01
-2.461896780546881658e-01
-2.283846309539019626e-01
-2.101517479618092987e-01
-1.915279873860405435e-01
-1.725596224477739804e-01
-1.532089298720806791e-01
-1.336977649354311182e-01
-1.139798569752190072e-01
-9.413036288667828155e-02
-7.418747538140460507e-02
-5.421316021310371852e-02
-3.425745855802218853e-02
-1.437466061960165908e-02
5.380946080739325982e-03
