-1.192092896618035525e-08
1.755644652925436588e-04
3.930413135619925669e-04
5.426662377426838546e-04
6.585242002411506590e-04
7.057037639134344786e-04
7.122828277771331429e-04
7.348961126388275922e-04
6.268957370112460126e-04
4.868004987265694972e-04
3.337272135323088307e-04
1.192675705682932907e-04
-1.161720256729337208e-04
-3.164186015837122667e-04
-5.906052335797329356e-04
-9.046464890246075363e-04
-1.332667335233961303e-03
-1.794515487708148171e-03
-2.258157833155638450e-03
-2.665200836717618316e-03
-3.257415092833781944e-03
-3.733209745908405708e-03
-4.497389632897752509e-03
-5.032070445115277568e-03
-5.655223580737611666e-03
-6.264239149132100337e-03
-7.050022230092212183e-03
-7.922555373058137729e-03
-8.584042476745712413e-03
-9.543686522369254632e-03
-1.033317429967445245e-02
-1.120342604078028437e-02
-1.207501667547755675e-02
-1.297025397361795118e-02
-1.381391925410413446e-02
-1.480784673017720987e-02
-1.558013881511011167e-02
-1.649870771937861358e-02
-1.746407628244828203e-02
-1.832522082461185420e-02
-1.920387372859949648e-02
-2.029442464053499151e-02
-2.125065477596449481e-02
-2.227001626344915497e-02
-2.317365152403366713e-02
-2.408829514463112220e-02
-2.507490890074320911e-02
-2.606872150031336322e-02
-2.700289491695989641e-02
-2.798967268054425306e-02
-2.882178056443623904e-02
-2.986088667460279344e-02
-3.091589348342904664e-02
-3.172940809290641928e-02
-3.263746761290781118e-02
-3.357883147031365256e-02
-3.419776813956443284e-02
-3.528231985550470129e-02
-3.585575371532054301e-02
-3.658414105957016882e-02
-3.730754569781163932e-02
-3.804195949500188689e-02
-3.883625753960109894e-02
-3.941673202030210321e-02
-4.008749248967538592e-02
-4.049231646151592312e-02
-4.128886310087558076e-02
-4.168382636816941877e-02
-4.228972002115735651e-02
-4.280969272376075607e-02
-4.326460202422118678e-02
-4.359557716199845973e-02
-4.396377573243157033e-02
-4.412689583604818833e-02
-4.461070833575883632e-02
-4.480977463214391721e-02
-4.497095961591122959e-02
-4.483225718138314497e-02
-4.508643373424647827e-02
-4.526186076217275644e-02
-4.513725228868148420e-02
-4.500874235506005516e-02
-4.464378317876177560e-02
-4.463437097679487375e-02
-4.400748507987745084e-02
-4.348908936866030528e-02
-4.321736135428261294e-02
-4.262952295519822909e-02
-4.190405496028520860e-02
-4.103616020591610569e-02
-4.031786549023730348e-02
-3.891197194723455821e-02
-3.795904896025770192e-02
-3.653217312675061113e-02
-3.538204916446885395e-02
-3.397964218964477645e-02
-3.252561152756811014e-02
-3.062216608575046850e-02
-2.863721146294812003e-02
-2.706844888078924205e-02
-2.498455525515819176e-02
-2.301556695636214345e-02
-2.063252758512090779e-02
-1.827097469464405988e-02
-1.585243982080930536e-02
-1.299705441761950242e-02
-1.034318371412729087e-02
-7.663719951079561721e-03
-4.699333656745241505e-03
-1.648807378409888891e-03
1.255205947384596676e-03
4.716648714215510019e-03
7.957231565257183448e-03
1.117637031912055434e-02
1.461962172244180014e-02
1.837579577983483592e-02
2.205640437486688921e-02
2.552189917453873136e-02
2.933044682609531328e-02
3.333872459431497237e-02
3.718593421363802776e-02
4.118144539800189241e-02
4.534495294699181223e-02
4.937925105237706003e-02
5.353315393457808158e-02
5.779345791607326532e-02
6.198991628688943489e-02
6.638100159581827864e-02
7.060528467313598178e-02
7.482717463273808045e-02
7.918867977240751088e-02
8.360913862389934836e-02
8.774499277733766034e-02
9.230238748521052417e-02
9.638369115061834469e-02
1.008035197929122440e-01
1.051933051795888030e-01
1.093067314952317903e-01
1.136171782055538371e-01
1.178474799165961096e-01
1.219412574385786985e-01
1.260669253762989883e-01
1.302346184616989255e-01
1.341529616511312195e-01
1.379281684772804550e-01
1.418271615642343608e-01
1.457244845403987132e-01
1.495471715362531318e-01
1.535850813746212906e-01
1.571509550297566782e-01
1.605009030643670953e-01
1.642435027901579248e-01
1.676723192315879574e-01
1.710317248866332351e-01
1.743041366292475969e-01
1.778389100016301017e-01
1.809168230597239524e-01
1.841505403518622908e-01
1.872541411502527120e-01
1.901298353414881681e-01
1.932912085188250029e-01
1.957077367284280056e-01
1.987449490978792088e-01
2.012487040047344355e-01
2.040367002193156643e-01
2.065006439884847500e-01
2.089333371643439241e-01
2.112418103678418979e-01
2.133768341374409905e-01
2.155692616230029390e-01
2.173217557456449123e-01
2.193531121024978603e-01
2.210670966051377362e-01
2.228052253382218351e-01
2.238143313235271825e-01
2.253542555752540422e-01
2.264890870283104707e-01
2.274167703552243958e-01
2.282761134113663604e-01
2.289441826804983204e-01
2.291211513179425563e-01
2.296399757680518683e-01
2.294993464704144781e-01
2.293344073610728284e-01
2.287212531100319135e-01
2.281731008164213925e-01
2.270766470017924199e-01
2.259740259901504567e-01
2.243315458698520726e-01
2.227221235106587038e-01
2.205336535279344146e-01
2.183207370980543849e-01
2.158093591892095708e-01
2.129859626977921028e-01
2.095430251634834706e-01
2.060928014081022941e-01
2.025158300629927299e-01
1.981107570799081063e-01
1.936611002391316338e-01
1.888377607061493269e-01
1.838491422967963862e-01
1.782555896400112583e-01
1.726089832786376066e-01
1.665680395121237334e-01
1.600201568602078739e-01
1.535430612719870802e-01
1.466018762781514106e-01
1.392160424517125961e-01
1.317859417620139140e-01
1.237240259750753135e-01
1.158291849054250422e-01
1.071920230271516949e-01
9.874108184294388968e-02
8.975544823529296723e-02
8.075537932879334191e-02
7.130160008375779901e-02
6.194952890248878186e-02
5.197762787980997334e-02
4.223835257497421392e-02
3.229695664207010708e-02
2.209992230867202645e-02
1.179583761537195130e-02
1.351672174918550073e-03
-9.285901752479758242e-03
-1.968724659885526251e-02
-3.038234761648164750e-02
-4.100681879913278816e-02
-5.169393670036778743e-02
-6.249769308616900942e-02
-7.281261047591450208e-02
-8.347562868962035698e-02
-9.360829088637742657e-02
-1.041165260816125093e-01
-1.147367215903895565e-01
-1.248316934183686250e-01
-1.349575199560443806e-01
-1.446217993657330780e-01
-1.542990242844393678e-01
-1.640678401288004074e-01
-1.728835503605865020e-01
-1.818456191989947235e-01
-1.908453560773178959e-01
-1.992943752550388192e-01
-2.073370135335748099e-01
-2.147212734792622590e-01
-2.224773143192710911e-01
-2.291625609163221999e-01
-2.360451433974837532e-01
-2.424580029742395837e-01
-2.479889715911000603e-01
-2.540773317563012057e-01
-2.588819925570147173e-01
-2.635984913751792669e-01
-2.677757211522457381e-01
-2.713803595091319742e-01
-2.747460784159430069e-01
-2.770690914399441263e-01
-2.796148017530201146e-01
-2.812406843848367366e-01
-2.827759730636499325e-01
-2.836828805598335390e-01
-2.841496911954002891e-01
-2.840618061661224769e-01
-2.836863174865872916e-01
-2.826498785459144458e-01
-2.807672336231312737e-01
-2.792760046390188600e-01
-2.769420418626853397e-01
-2.743800460446861877e-01
-2.710347659398172349e-01
-2.677841851740801471e-01
-2.641742641911574707e-01
-2.600640299467912309e-01
-2.555365199134576604e-01
-2.507669014686976228e-01
-2.457061278443647967e-01
-2.402509762520532721e-01
-2.348350893496207181e-01
-2.287280670705475472e-01
-2.228712219025835717e-01
-2.167866832247961062e-01
-2.102720414222189471e-01
-2.039593134224905180e-01
-1.974507131161642448e-01
-1.904507132666880542e-01
-1.837874256474295032e-01
-1.767487756985660630e-01
-1.698769438447509939e-01
-1.628495101604089390e-01
-1.559246605699000088e-01
-1.488056947579022293e-01
-1.421184575805329864e-01
-1.353369909425066742e-01
-1.283716007840878803e-01
-1.216765568519018736e-01
-1.148503047444854874e-01
-1.082892341112657864e-01
-1.015756792159844268e-01
-9.500986374376380050e-02
-8.865407442811784611e-02
-8.257774980632770490e-02
-7.629452007624859533e-02
-7.011029410433111675e-02
-6.434364316073876155e-02
-5.823687698619414710e-02
-5.278606575299990555e-02
-4.723420201427069864e-02
-4.168800081984064265e-02
-3.650916590919736637e-02
-3.133736733511510719e-02
-2.612583177610697249e-02
-2.102039752860065946e-02
-1.619357438027468898e-02
-1.122888744990241383e-02
-6.557055962945312899e-03
-1.928572701253128407e-03
2.703869245405859933e-03
7.200025737794796266e-03
1.192111615215860065e-02
1.613877951777054065e-02
2.072158569066689937e-02
2.476031925030988678e-02
2.935553500571599916e-02
3.353330594560079148e-02
3.771854146347029813e-02
4.217212994494508316e-02
4.632528012943606943e-02
5.050228032599911321e-02
5.504366104250728309e-02
5.914572969398758373e-02
6.333744982362918274e-02
6.779101656686870037e-02
7.210484726986825244e-02
7.648632924754959761e-02
8.071632347345653047e-02
8.543261896868464822e-02
8.966434733587494432e-02
9.420831117277120303e-02
9.884082449847736429e-02
1.036246046752325872e-01
1.080612582721612869e-01
1.127777433536174545e-01
1.173872909892777067e-01
1.217987879887646313e-01
1.266706886543894628e-01
1.310034622676268801e-01
1.358127321784396158e-01
1.404716160489831722e-01
1.448965020840722873e-01
1.496217831206456128e-01
1.541296129246419455e-01
1.583958426234326200e-01
1.628289627901688130e-01
1.668579367991852580e-01
1.711916505833355751e-01
1.751803291968690446e-01
1.791367833114144159e-01
1.827030051785830111e-01
1.862522004342670456e-01
1.897623074409344190e-01
1.928263826378751322e-01
1.956861401635101583e-01
1.982709440688381064e-01
2.007830005431718023e-01
2.029955770708527230e-01
2.047234952817540421e-01
2.062928742157933426e-01
2.075755132021035454e-01
2.084818561353631028e-01
2.088942339271658843e-01
2.089992549570514613e-01
2.089323519446695809e-01
2.085231755390475061e-01
2.075321014539812936e-01
2.061120959955975995e-01
2.041519170292381002e-01
2.019792803299724770e-01
1.994528765733226128e-01
1.962278191593236909e-01
1.926374553433267689e-01
1.889468338604866904e-01
1.845300790220638365e-01
1.798385923829337318e-01
1.743750257555488070e-01
1.687783242332868971e-01
1.626720299897769784e-01
1.562603764799391504e-01
1.494630837916974264e-01
1.420049807757659543e-01
1.344982831247376887e-01
1.264980116259584453e-01
1.182249068296816752e-01
1.097508252672384776e-01
1.005626968663333870e-01
9.145296678565949244e-02
8.211409188509884161e-02
7.214017070441143542e-02
6.232877090083177585e-02
5.226068402926192791e-02
4.185645934572801430e-02
3.150072689004319859e-02
2.110698368918243611e-02
1.061562842116949706e-02
-2.742805415540880420e-05
-1.086545546482526811e-02
-2.128755983201275487e-02
-3.188083690010053844e-02
-4.251649772309958053e-02
-5.279231316398923235e-02
-6.310099688238049453e-02
-7.327619530263054792e-02
-8.318653362226080539e-02
-9.308063169102899492e-02
-1.026796144641289599e-01
-1.118723876901859399e-01
-1.207725440235218051e-01
-1.293944506958062957e-01
-1.376401695676005010e-01
-1.456913256943169199e-01
-1.532671410909539622e-01
-1.605119914076107435e-01
-1.671803208712450972e-01
-1.735458238790419383e-01
-1.792782450699857422e-01
-1.847237032282872393e-01
-1.897096858871059610e-01
-1.942251027136146224e-01
-1.981417748504534782e-01
-2.016786179669620982e-01
-2.047846422763898167e-01
-2.073906900359525352e-01
-2.093644788210999863e-01
-2.108694528947497870e-01
-2.117835218153470977e-01
-2.121865560675983975e-01
-2.122445238365157916e-01
-2.118377181110971397e-01
-2.107629914149799777e-01
-2.094005119032615325e-01
-2.075365936979043924e-01
-2.051880665459519804e-01
-2.023382012941631336e-01
-1.991740922371098010e-01
-1.954640544699834948e-01
-1.915322736737403719e-01
-1.870835144710243647e-01
-1.823783977137734269e-01
-1.772010123247293734e-01
-1.719609650746160845e-01
-1.662626817311382288e-01
-1.602344048803726329e-01
-1.539723161869553103e-01
-1.475275698171923666e-01
-1.408011497230388653e-01
-1.337737969133113436e-01
-1.266805993000534869e-01
-1.193367253566377240e-01
-1.118692957063143339e-01
-1.041596244622178813e-01
-9.644471444738597632e-02
-8.853369809335019658e-02
-8.062821205881280651e-02
-7.253130945570437915e-02
-6.439629394278023611e-02
-5.613728038909898688e-02
-4.799195744327194174e-02
-3.971502648856671536e-02
-3.143082508649733958e-02
-2.320163430384600614e-02
-1.488593461115155642e-02
-6.558674671100526293e-03
1.699569188943577530e-03
1.001128776620544697e-02
1.818722087236987472e-02
2.633498510420245742e-02
3.448151385648140499e-02
4.259347473424850150e-02
5.065415304555220821e-02
5.866591990843657289e-02
6.661979538842635606e-02
7.449474831226821081e-02
8.232277027184893570e-02
9.007689119096776165e-02
9.778580857185308062e-02
1.054486322777882235e-01
1.130435346948796826e-01
1.205876894565675594e-01
1.280574663223878196e-01
1.354847276873247242e-01
1.428544627012583723e-01
1.501673169109282724e-01
1.574606977638494942e-01
1.646614676746866734e-01
1.718044603833854822e-01
1.788952491622937402e-01
1.859258912504736239e-01
1.929051270791298511e-01
1.998274577634808202e-01
2.066927091613212086e-01
2.134985967290713715e-01
