1.192092896618035525e-08
7.737629963033842984e-06
-1.162605796750093567e-04
-2.246257898412817866e-04
-3.159053786385701557e-04
-4.083948563851080849e-04
-4.625339407080542031e-04
-5.326670795338661613e-04
-6.470430351994960194e-04
-6.612163699305784181e-04
-6.560247994744639044e-04
-6.341217197883552981e-04
-5.303490533010990493e-04
-4.342657871915234225e-04
-2.951719063798707854e-04
-2.290824884029762920e-04
-1.270630531861882684e-04
-1.043207788057054497e-04
-3.140378492685891310e-05
6.936048048272747124e-06
-1.915275299857466251e-05
4.640075183498515443e-05
4.198094803871399439e-05
2.442676716336439346e-04
2.371715416376318775e-04
3.361649991836385132e-04
5.017600744644662436e-04
7.663123698041091059e-04
9.364412993381893147e-04
1.258595991806603365e-03
1.580503937053029384e-03
1.743033293343111689e-03
2.039696067320115325e-03
2.377939708931867124e-03
2.625538472417733582e-03
2.798395100299194693e-03
3.033135057936349466e-03
3.236366751543070033e-03
3.450739678354327114e-03
3.642533145184514466e-03
3.817779714790789369e-03
3.985582131769402348e-03
4.177666890211170422e-03
4.471888615610264406e-03
5.040441161185739774e-03
5.362642671702146091e-03
5.877986298657843223e-03
6.293170970061722630e-03
6.777048390463516481e-03
7.438223884342863579e-03
8.222974736653843042e-03
8.724151767262475210e-03
9.371303655704408403e-03
1.032424861327064722e-02
1.108231005391971391e-02
1.200603609784288428e-02
1.285545591261883641e-02
1.374008404638366737e-02
1.461912911338462961e-02
1.561758918508120153e-02
1.679795972872320797e-02
1.792979227869259673e-02
1.889724922666179835e-02
2.011546277362719765e-02
2.159587413252060661e-02
2.301521908811408890e-02
2.439548481647458786e-02
2.560803526267889027e-02
2.723319564494698988e-02
2.850657188044648793e-02
3.023944313076215237e-02
3.181700033354120660e-02
3.329191558186671285e-02
3.515698243895546554e-02
3.662016190134742555e-02
3.829529883111372490e-02
3.985357177196128392e-02
4.151560382584459918e-02
4.322484072115968801e-02
4.454555147471653959e-02
4.615507731538262548e-02
4.761509165049693237e-02
4.940844139772341409e-02
5.058125037420586889e-02
5.178834630766761260e-02
5.332214486619789306e-02
5.456288257404417336e-02
5.588187318537048143e-02
5.691200075876633874e-02
5.804964203553752977e-02
5.897144211978817829e-02
5.985085802954186879e-02
6.044022695654158173e-02
6.144600281229810335e-02
6.171685104287268769e-02
6.217086040148676884e-02
6.254940997678229420e-02
6.277764708976885100e-02
6.282184357012313147e-02
6.274012102369279364e-02
6.289786570410485500e-02
6.237812160577717313e-02
6.187337005360879494e-02
6.142310082883842282e-02
6.066642224079195345e-02
6.003070977760673055e-02
5.891271223935300172e-02
5.783378804501181081e-02
5.679262140996413355e-02
5.555092764090974189e-02
5.403540700659562046e-02
5.246095719602235363e-02
5.069386289998495387e-02
4.904482018840054802e-02
4.725071344203664314e-02
4.521547175542844910e-02
4.320873588320384151e-02
4.058574312028476183e-02
3.858872277660013728e-02
3.657837724851470407e-02
3.393171604247074979e-02
3.169912799473403875e-02
2.934978149766781508e-02
2.689527045236078662e-02
2.418369881719853454e-02
2.185908464264399442e-02
1.914110876340816003e-02
1.663114601847365259e-02
1.433045652098480227e-02
1.163236331656511413e-02
9.482390018508979335e-03
6.898170044180473859e-03
4.228770799350300980e-03
2.028363700465884989e-03
-1.199534018689329962e-04
-2.276386171165656336e-03
-4.292318008800088958e-03
-6.510923791006817396e-03
-8.812108008901864409e-03
-1.017047395319176095e-02
-1.210509594964070956e-02
-1.378832430481341520e-02
-1.492248804940010665e-02
-1.614726818675649156e-02
-1.723162672148192964e-02
-1.845674015035059234e-02
-1.904035191310021746e-02
-1.969286353582871962e-02
-1.984787784828639934e-02
-2.005061801881696804e-02
-2.033017482220433880e-02
-2.003031335449662054e-02
-1.951327417916248752e-02
-1.907944728880311969e-02
-1.863935909388148016e-02
-1.737802553816325535e-02
-1.642224058608449111e-02
-1.488085907512676220e-02
-1.332871312746591874e-02
-1.153414022639775993e-02
-9.421784497861684926e-03
-7.441491541017419831e-03
-4.965533868289351282e-03
-2.865335075292574363e-03
3.618629807691786660e-04
3.029084803508830248e-03
5.971231480992711393e-03
8.899190390368350023e-03
1.246347741298065026e-02
1.589172464612825797e-02
1.961828262830647707e-02
2.283775808674465280e-02
2.630002309874671096e-02
3.025009020408178650e-02
3.417708110237432928e-02
3.764058727960942208e-02
4.168930870787049270e-02
4.561195091289260706e-02
4.964121012333999605e-02
5.344655047491536637e-02
5.732268792536487911e-02
6.145584786402022437e-02
6.521612411060119519e-02
6.921628442082783383e-02
7.278135511371980337e-02
7.652920623171619030e-02
8.019708501254740884e-02
8.351025167950240635e-02
8.688325266836086080e-02
9.048235346000035872e-02
9.365907673484051565e-02
9.676132629757767945e-02
9.994883728270308187e-02
1.027297940710828056e-01
1.055276569881700988e-01
1.082201406885434369e-01
1.107931301960865395e-01
1.130126039512357183e-01
1.154014498529642718e-01
1.175250987575174877e-01
1.194907059405382610e-01
1.213679792292970128e-01
1.229862815101598617e-01
1.247106209965142543e-01
1.258941856149518590e-01
1.271766832332791031e-01
1.283989379753151250e-01
1.292826541247009964e-01
1.301512195388017656e-01
1.307957208688086959e-01
1.313622392909409298e-01
1.318517535114277495e-01
1.323748081140485588e-01
1.326543871314561640e-01
1.325812776255654302e-01
1.326570153444491251e-01
1.325519177827245709e-01
1.323499698671175562e-01
1.319551397228256873e-01
1.318492581478977743e-01
1.314647190896990891e-01
1.309228793169543992e-01
1.300731926887819245e-01
1.295463849847173221e-01
1.288589596173175256e-01
1.282869388413567235e-01
1.274492357473294701e-01
1.266202455401870264e-01
1.256959945203185991e-01
1.251236026163746184e-01
1.238238064010621087e-01
1.233528556473907911e-01
1.221880788908711879e-01
1.213327553396418845e-01
1.200524714648769642e-01
1.189962656455985091e-01
1.181084572163451085e-01
1.172960475449889017e-01
1.160143237287469264e-01
1.150855370367363517e-01
1.140272858908306652e-01
1.127593386314307833e-01
1.114689748839046146e-01
1.104271690878976808e-01
1.095825645940201598e-01
1.077674968261730926e-01
1.067530359040559929e-01
1.051741678504888866e-01
1.034676270911190632e-01
1.023932059789880999e-01
1.002911806186855825e-01
9.878638245996140821e-02
9.698582923722370852e-02
9.467860490560719988e-02
9.285466678557491305e-02
9.027043061250258904e-02
8.861621740814537573e-02
8.597804749448981210e-02
8.315668207934151512e-02
7.996267346336202730e-02
7.708778926482973137e-02
7.332358847738532082e-02
7.002483298381390053e-02
6.604857569047070665e-02
6.197345993445607659e-02
5.784209129117726111e-02
5.317279095249866083e-02
4.801552007180154291e-02
4.292369925997716051e-02
3.770151359765805399e-02
3.161828105571082292e-02
2.562611504680097074e-02
1.923194169684705468e-02
1.260822862884022899e-02
5.783066869566616530e-03
-1.609633738536554032e-03
-9.064551474256790642e-03
-1.694021459709346006e-02
-2.475857042066446217e-02
-3.331064975338429712e-02
-4.196406445841249777e-02
-5.055988753355608600e-02
-5.969634226545963984e-02
-6.906832317924568865e-02
-7.800709809697152497e-02
-8.801213418153755463e-02
-9.766998554051009584e-02
-1.074624586095338508e-01
-1.170343872073268676e-01
-1.274511523940686508e-01
-1.371292222841971331e-01
-1.471967065224255578e-01
-1.573389542343500980e-01
-1.669293659559063503e-01
-1.767995429690694120e-01
-1.865305966390737868e-01
-1.960223076253997387e-01
-2.049956257673871685e-01
-2.140795112474069284e-01
-2.229490186940749630e-01
-2.316605553886342261e-01
-2.396352355956028468e-01
-2.474207022805113843e-01
-2.548559841319656960e-01
-2.620025623307565277e-01
-2.684967706297937684e-01
-2.747156054464816033e-01
-2.802522167398228681e-01
-2.852429367192701459e-01
-2.900308876082322018e-01
-2.937646997904935775e-01
-2.972632605183361809e-01
-3.001655898904395658e-01
-3.021027414292072333e-01
-3.037855887463241089e-01
-3.044753001304608131e-01
-3.049297001267486373e-01
-3.042417617348239234e-01
-3.032206111232821910e-01
-3.013051793861061256e-01
-2.988685395971072412e-01
-2.956983366721283590e-01
-2.919185599087286698e-01
-2.871853038209062903e-01
-2.821825208812462349e-01
-2.762100117493420659e-01
-2.698468999555334036e-01
-2.627193652897756859e-01
-2.548376662585360442e-01
-2.465680408349523178e-01
-2.377301785968168879e-01
-2.279272672340272310e-01
-2.180815398708165209e-01
-2.073137839858695819e-01
-1.963284448967744789e-01
-1.847308210567525366e-01
-1.727503686071159006e-01
-1.602402520047877532e-01
-1.475293173190489471e-01
-1.341440201627902284e-01
-1.205482874447954544e-01
-1.065142873153322456e-01
-9.224958981513417533e-02
-7.794798206125180817e-02
-6.307724997190486405e-02
-4.829575580542649904e-02
-3.332847718663455028e-02
-1.777397827242241379e-02
-2.416206409553617318e-03
1.313650080595199499e-02
2.854664209712136358e-02
4.398989154817892211e-02
5.976505313516902035e-02
7.530235221207162710e-02
9.078508324419538866e-02
1.065034844282634618e-01
1.218564437301078995e-01
1.372138587854105363e-01
1.523493200935963909e-01
1.674565002593870200e-01
1.823011707246729729e-01
1.970105488356571899e-01
2.115903946745537056e-01
2.257859063519563336e-01
2.399767935176734257e-01
2.536066825037847638e-01
2.674061604561366323e-01
2.806322409428967379e-01
2.936703668434270664e-01
3.061482989522718023e-01
3.186701499417683436e-01
3.307847421287533063e-01
3.426277832172826554e-01
3.539811927183021956e-01
3.651304579852222565e-01
3.758294204853838139e-01
3.861113146855120193e-01
3.963331683255401638e-01
4.059274351732402586e-01
4.152609948399821338e-01
4.242600022206892696e-01
4.328135460869860784e-01
4.410572615422823639e-01
4.489054168549660995e-01
4.564833857728406996e-01
4.635203147197274887e-01
4.703000058352088120e-01
4.766987862423814337e-01
4.828214067288684741e-01
4.884303068531138936e-01
4.937751691622552230e-01
4.988780881026376735e-01
5.035599561107737543e-01
5.076536485287979072e-01
5.118280991364462240e-01
5.154802779284154424e-01
5.185583034257468249e-01
5.215777333511216751e-01
5.241158541801999027e-01
5.262721982332722037e-01
5.282744060753988835e-01
5.298750293542809908e-01
5.310284376194017719e-01
5.319363358591142621e-01
5.325697801994184744e-01
5.328925353379999619e-01
5.327929384162213289e-01
5.323083403922410639e-01
5.315531642094085685e-01
5.304750695025196583e-01
5.290699590569233335e-01
5.272811408958416601e-01
5.252150594335353029e-01
5.226459440866505490e-01
5.197209881336422033e-01
5.165815344905856366e-01
5.130573354094176697e-01
5.092760774726078354e-01
5.049910508345630822e-01
5.004031665675104934e-01
4.954225006021617528e-01
4.901599862649197448e-01
4.843948306460721387e-01
4.783533878725479971e-01
4.718198738956225213e-01
4.649635168401378138e-01
4.577768306248214958e-01
4.501052845416503856e-01
4.421717801273428727e-01
4.336893907171960327e-01
4.248314711777483876e-01
4.157278915914084383e-01
4.061047063943163948e-01
3.961151431179440463e-01
3.856986503838382707e-01
3.749770038937009775e-01
3.638603550006301868e-01
3.523306805609278114e-01
3.404358198580428874e-01
3.281689533202684639e-01
3.156346244973240456e-01
3.026809411248325143e-01
2.894367244292574970e-01
2.757589023726003674e-01
2.617267667095655725e-01
2.474517878576728558e-01
2.327945049165804359e-01
2.179451746579919025e-01
2.026865583799213333e-01
1.872111657213559321e-01
1.715252706091300039e-01
1.555102450510995327e-01
1.393145765445555906e-01
1.229463465270226874e-01
1.064253329670830084e-01
8.971049115578882960e-02
7.286689238235989630e-02
5.585950439664978673e-02
3.864442577022239589e-02
2.152040900580402122e-02
4.334720029755278342e-03
-1.292737489549543317e-02
-3.015379190589000460e-02
-4.738670662457390714e-02
-6.459240750045194823e-02
-8.175108135493729111e-02
-9.873533535580386600e-02
-1.155987431822631667e-01
-1.323903925326262443e-01
-1.489498862384184830e-01
-1.652328570368596372e-01
-1.812886991328477027e-01
-1.970653285936465882e-01
-2.125058287594941975e-01
-2.276392671252153721e-01
-2.424017390587165088e-01
-2.568049074988506542e-01
-2.707463318004783015e-01
-2.842345190645791386e-01
-2.972448153324757647e-01
-3.097661026210785096e-01
-3.217474392457360666e-01
-3.331780378581651325e-01
-3.440192219450530775e-01
-3.542546856081204565e-01
-3.638758159276079818e-01
-3.728422206034183728e-01
-3.811419028304982026e-01
-3.887641745469782584e-01
-3.956901485184675105e-01
-4.019059296814089244e-01
-4.074126426153410474e-01
-4.121735680934069945e-01
-4.162012236600712289e-01
-4.194743215111903512e-01
-4.220154712872365432e-01
-4.237821361805431120e-01
-4.247947976741262566e-01
-4.250544110650600338e-01
-4.245651785381175380e-01
