1.282500028610229492e-01
1.283650249242782593e-01
1.284344494342803955e-01
1.285054981708526611e-01
1.285537481307983398e-01
1.285781562328338623e-01
1.286322325468063354e-01
1.286790817975997925e-01
1.287496089935302734e-01
1.288547515869140625e-01
1.288834214210510254e-01
1.289332211017608643e-01
1.290089040994644165e-01
1.290497034788131714e-01
1.290815025568008423e-01
1.291926205158233643e-01
1.293288320302963257e-01
1.294567734003067017e-01
1.295832991600036621e-01
1.297016590833663940e-01
1.297946423292160034e-01
1.298421621322631836e-01
1.300709545612335205e-01
1.301497071981430054e-01
1.302005648612976074e-01
1.302965879440307617e-01
1.304335892200469971e-01
1.305744946002960205e-01
1.306289136409759521e-01
1.307759284973144531e-01
1.308113038539886475e-01
1.309152245521545410e-01
1.309810578823089600e-01
1.310149729251861572e-01
1.310470104217529297e-01
1.311521828174591064e-01
1.310908943414688110e-01
1.311044543981552124e-01
1.310966759920120239e-01
1.310601979494094849e-01
1.310243755578994751e-01
1.310582906007766724e-01
1.310586482286453247e-01
1.310121715068817139e-01
1.308409720659255981e-01
1.307611465454101562e-01
1.306050568819046021e-01
1.306414157152175903e-01
1.305042952299118042e-01
1.303883492946624756e-01
1.302948445081710815e-01
1.302612870931625366e-01
1.302712708711624146e-01
1.300023347139358521e-01
1.301193237304687500e-01
1.299908310174942017e-01
1.299241483211517334e-01
1.299647539854049683e-01
1.299062073230743408e-01
1.299351751804351807e-01
1.298353970050811768e-01
1.298265457153320312e-01
1.298927068710327148e-01
1.299907118082046509e-01
1.299159824848175049e-01
1.297301650047302246e-01
1.297615468502044678e-01
1.299355179071426392e-01
1.297265440225601196e-01
1.298203915357589722e-01
1.297543793916702271e-01
1.297601461410522461e-01
1.297403275966644287e-01
1.296927332878112793e-01
1.297621279954910278e-01
1.296848803758621216e-01
1.296762824058532715e-01
1.295617520809173584e-01
1.295345276594161987e-01
1.294272094964981079e-01
1.293390542268753052e-01
1.293258219957351685e-01
1.290735602378845215e-01
1.290718317031860352e-01
1.291170269250869751e-01
1.289742141962051392e-01
1.287043988704681396e-01
1.286517828702926636e-01
1.285112798213958740e-01
1.283323168754577637e-01
1.281628757715225220e-01
1.281231194734573364e-01
1.279765814542770386e-01
1.279780566692352295e-01
1.277372837066650391e-01
1.276155561208724976e-01
1.274586915969848633e-01
1.273589432239532471e-01
1.273148804903030396e-01
1.269432157278060913e-01
1.268280744552612305e-01
1.267762184143066406e-01
1.266163289546966553e-01
1.265492439270019531e-01
1.262359619140625000e-01
1.261756420135498047e-01
1.260210424661636353e-01
1.257720738649368286e-01
1.256214082241058350e-01
1.254225969314575195e-01
1.250733137130737305e-01
1.250299811363220215e-01
1.248212009668350220e-01
1.245066821575164795e-01
1.242620497941970825e-01
1.240947842597961426e-01
1.239602565765380859e-01
1.236866712570190430e-01
1.234366148710250854e-01
1.231895387172698975e-01
1.230032145977020264e-01
1.228313446044921875e-01
1.225936263799667358e-01
1.223742067813873291e-01
1.222210377454757690e-01
1.220240667462348938e-01
1.218558102846145630e-01
1.216919645667076111e-01
1.214897260069847107e-01
1.213017404079437256e-01
1.211412400007247925e-01
1.210190802812576294e-01
1.207832321524620056e-01
1.207369863986968994e-01
1.204943358898162842e-01
1.203733906149864197e-01
1.202436536550521851e-01
1.200208961963653564e-01
1.197881922125816345e-01
1.197783276438713074e-01
1.195108965039253235e-01
1.192961260676383972e-01
1.191993206739425659e-01
1.190456598997116089e-01
1.188290864229202271e-01
1.185260564088821411e-01
1.184291988611221313e-01
1.181404292583465576e-01
1.180609315633773804e-01
1.178576573729515076e-01
1.174894869327545166e-01
1.173284724354743958e-01
1.171367019414901733e-01
1.168273389339447021e-01
1.162773594260215759e-01
1.162420138716697693e-01
1.156968846917152405e-01
1.155388206243515015e-01
1.152570769190788269e-01
1.149189025163650513e-01
1.147103533148765564e-01
1.142176240682601929e-01
1.141026616096496582e-01
1.134999841451644897e-01
1.136505007743835449e-01
1.131454706192016602e-01
1.128151789307594299e-01
1.121762618422508240e-01
1.120737195014953613e-01
1.117202416062355042e-01
1.117146611213684082e-01
1.108491942286491394e-01
1.103815212845802307e-01
1.101526916027069092e-01
1.099765375256538391e-01
1.092217862606048584e-01
1.089646220207214355e-01
1.086559966206550598e-01
1.083557754755020142e-01
1.077765971422195435e-01
1.074074655771255493e-01
1.071303039789199829e-01
1.065919548273086548e-01
1.061506047844886780e-01
1.056057214736938477e-01
1.050620079040527344e-01
1.048473417758941650e-01
1.040173843502998352e-01
1.034343764185905457e-01
1.032434105873107910e-01
1.026467457413673401e-01
1.019910126924514771e-01
1.014738902449607849e-01
1.007679328322410583e-01
1.003712564706802368e-01
9.974256902933120728e-02
9.917546808719635010e-02
9.850078821182250977e-02
9.792288392782211304e-02
9.739580005407333374e-02
9.664543718099594116e-02
9.597790241241455078e-02
9.537374973297119141e-02
9.467563778162002563e-02
9.400574862957000732e-02
9.315168857574462891e-02
9.249599277973175049e-02
9.180041402578353882e-02
9.101296961307525635e-02
9.024970978498458862e-02
8.933959901332855225e-02
8.863306790590286255e-02
8.770599216222763062e-02
8.694349229335784912e-02
8.606615662574768066e-02
8.520375192165374756e-02
8.415348082780838013e-02
8.337526023387908936e-02
8.240251243114471436e-02
8.141027390956878662e-02
8.039560168981552124e-02
7.947953045368194580e-02
7.847958058118820190e-02
7.758040726184844971e-02
7.650193572044372559e-02
7.554420083761215210e-02
7.455981522798538208e-02
7.360055297613143921e-02
7.271660119295120239e-02
7.158837467432022095e-02
7.076878845691680908e-02
6.960511952638626099e-02
6.881222128868103027e-02
6.802292168140411377e-02
6.723107397556304932e-02
6.647507846355438232e-02
6.559674441814422607e-02
6.472569704055786133e-02
6.418205797672271729e-02
6.330277770757675171e-02
6.265284121036529541e-02
6.214754283428192139e-02
6.165001541376113892e-02
6.093554943799972534e-02
6.003640592098236084e-02
5.981229245662689209e-02
5.917663872241973877e-02
5.876397714018821716e-02
5.834943056106567383e-02
5.747630819678306580e-02
5.738504976034164429e-02
5.664946138858795166e-02
5.601488798856735229e-02
5.593039095401763916e-02
5.516990274190902710e-02
5.481313541531562805e-02
5.379232391715049744e-02
5.329043418169021606e-02
5.277327448129653931e-02
5.228618159890174866e-02
5.152837932109832764e-02
5.125463753938674927e-02
5.038403719663619995e-02
4.977807775139808655e-02
4.928824305534362793e-02
4.865067079663276672e-02
4.815090820193290710e-02
4.747295752167701721e-02
4.683800041675567627e-02
4.596953466534614563e-02
4.554422944784164429e-02
4.469678550958633423e-02
4.405228421092033386e-02
4.355359449982643127e-02
4.279893636703491211e-02
4.232513904571533203e-02
4.159349948167800903e-02
4.101968929171562195e-02
4.025287181138992310e-02
3.984891995787620544e-02
3.919201716780662537e-02
3.846924751996994019e-02
3.790876269340515137e-02
3.730284422636032104e-02
3.658201545476913452e-02
3.610344231128692627e-02
3.559504449367523193e-02
3.498822450637817383e-02
3.435341641306877136e-02
3.388612344861030579e-02
3.312694281339645386e-02
3.255885839462280273e-02
3.196833282709121704e-02
3.130063787102699280e-02
3.064754419028759003e-02
3.014306537806987762e-02
2.946580015122890472e-02
2.883592434227466583e-02
2.826456725597381592e-02
2.765813842415809631e-02
2.708247676491737366e-02
2.650869637727737427e-02
2.594901621341705322e-02
2.533455565571784973e-02
2.483692765235900879e-02
2.421103231608867645e-02
2.367206662893295288e-02
2.315195091068744659e-02
2.259312570095062256e-02
2.207013964653015137e-02
2.158726379275321960e-02
2.111234888434410095e-02
2.061796747148036957e-02
2.019000239670276642e-02
1.971855759620666504e-02
1.927708089351654053e-02
1.884657330811023712e-02
1.844372414052486420e-02
1.806793175637722015e-02
1.765756867825984955e-02
1.731301844120025635e-02
1.689679734408855438e-02
1.655818149447441101e-02
1.622845605015754700e-02
1.584765873849391937e-02
1.555367838591337204e-02
1.518816500902175903e-02
1.484216656535863876e-02
1.458440534770488739e-02
1.422646827995777130e-02
1.388808526098728180e-02
1.363775134086608887e-02
1.330366265028715134e-02
1.302743330597877502e-02
1.271262951195240021e-02
1.241879165172576904e-02
1.209304295480251312e-02
1.184054277837276459e-02
1.151922624558210373e-02
1.125653367489576340e-02
1.095274463295936584e-02
1.069495547562837601e-02
1.040845271199941635e-02
1.006906945258378983e-02
9.849935770034790039e-03
9.491146542131900787e-03
9.214629419147968292e-03
8.978087455034255981e-03
8.663739077746868134e-03
8.430247195065021515e-03
8.143832907080650330e-03
7.814537733793258667e-03
7.594566326588392258e-03
7.316986564546823502e-03
7.050655782222747803e-03
6.799185648560523987e-03
6.532435305416584015e-03
6.303095258772373199e-03
6.065146531909704208e-03
5.809597671031951904e-03
5.569209344685077667e-03
5.343993660062551498e-03
5.119623616337776184e-03
4.902566317468881607e-03
4.707125015556812286e-03
4.467159043997526169e-03
4.296514205634593964e-03
4.101752769201993942e-03
3.909859340637922287e-03
3.708020783960819244e-03
3.550693858414888382e-03
3.380320034921169281e-03
3.244670806452631950e-03
3.062322270125150681e-03
2.917109057307243347e-03
2.782514085993170738e-03
2.640171442180871964e-03
2.532014623284339905e-03
2.393191913142800331e-03
2.279366366565227509e-03
2.174565801396965981e-03
2.049765316769480705e-03
1.967967953532934189e-03
1.857307506725192070e-03
1.774571370333433151e-03
1.679361914284527302e-03
1.603171462193131447e-03
1.527687651105225086e-03
1.457873964682221413e-03
1.388371805660426617e-03
1.333352760411798954e-03
1.273801550269126892e-03
1.214286196045577526e-03
1.150900265201926231e-03
1.109189470298588276e-03
1.071534468792378902e-03
1.028403057716786861e-03
9.878756245598196983e-04
9.466402116231620312e-04
9.243233362212777138e-04
8.970719063654541969e-04
8.576741092838346958e-04
8.307027746923267841e-04
8.039065869525074959e-04
7.943121017888188362e-04
7.713335216976702213e-04
7.468720432370901108e-04
7.349149673245847225e-04
7.163879345171153545e-04
7.018400938250124454e-04
6.889323703944683075e-04
6.766655133105814457e-04
6.730149034410715103e-04
6.635663448832929134e-04
6.470956723205745220e-04
6.404126179404556751e-04
6.332789780572056770e-04
6.283399416133761406e-04
6.235986948013305664e-04
6.188651896081864834e-04
6.146832020021975040e-04
6.113070994615554810e-04
6.045268964953720570e-04
5.972892395220696926e-04
5.937822861596941948e-04
5.933624343015253544e-04
5.909358151257038116e-04
5.836469936184585094e-04
5.844369879923760891e-04
5.906077567487955093e-04
5.860397941432893276e-04
5.880194948986172676e-04
5.873710615560412407e-04
5.868118605576455593e-04
5.790328723378479481e-04
5.811589071527123451e-04
5.842529353685677052e-04
5.799235077574849129e-04
5.813750904053449631e-04
5.814827745780348778e-04
5.829870351590216160e-04
5.794960889033973217e-04
5.822737002745270729e-04
5.783449159935116768e-04
5.785994580946862698e-04
5.765150417573750019e-04
5.772301228716969490e-04
5.729809636250138283e-04
5.800381186418235302e-04
5.818694480694830418e-04
5.801940569654107094e-04
5.831510061398148537e-04
5.834969924762845039e-04
5.826948909088969231e-04
5.799718201160430908e-04
5.847490392625331879e-04
5.851313471794128418e-04
5.875020870007574558e-04
5.833815666846930981e-04
5.857386277057230473e-04
5.860046367160975933e-04
5.900945398025214672e-04
5.897838273085653782e-04
5.909248720854520798e-04
5.870321765542030334e-04
5.899371462874114513e-04
5.905075813643634319e-04
5.917279049754142761e-04
5.913622444495558739e-04
5.915371584706008434e-04
5.903382552787661552e-04
5.915245856158435345e-04
5.884876591153442860e-04
5.907109589315950871e-04
5.916330846957862377e-04
5.917968810535967350e-04
5.908673629164695740e-04
5.907590384595096111e-04
5.907110171392560005e-04
5.908000748604536057e-04
5.919207469560205936e-04
5.923992721363902092e-04
5.929290200583636761e-04
5.934174405410885811e-04
5.934710497967898846e-04
5.933895590715110302e-04
5.934372893534600735e-04
5.940306582488119602e-04
5.940764094702899456e-04
5.941204144619405270e-04
5.941615090705454350e-04
5.908526363782584667e-04
5.908905295655131340e-04
5.908751627430319786e-04
5.908867460675537586e-04
5.910828476771712303e-04
5.911092739552259445e-04
5.911431508138775826e-04
5.911546759307384491e-04
5.911642219871282578e-04
