3.000000119209289551e-01
3.110693097114562988e-01
3.219137787818908691e-01
3.326309025287628174e-01
3.431736826896667480e-01
3.535634875297546387e-01
3.637580871582031250e-01
3.736861050128936768e-01
3.834788799285888672e-01
3.930220603942871094e-01
4.022802114486694336e-01
4.112849831581115723e-01
4.199788272380828857e-01
4.282881021499633789e-01
4.363042116165161133e-01
4.439751505851745605e-01
4.513570070266723633e-01
4.583515524864196777e-01
4.649087190628051758e-01
4.709522128105163574e-01
4.767061173915863037e-01
4.818514585494995117e-01
4.867760539054870605e-01
4.909455180168151855e-01
4.946618974208831787e-01
4.978073239326477051e-01
5.005581974983215332e-01
5.028108358383178711e-01
5.042546987533569336e-01
5.053872466087341309e-01
5.057294964790344238e-01
5.055228471755981445e-01
5.046795606613159180e-01
5.032148957252502441e-01
5.010479092597961426e-01
4.983760714530944824e-01
4.948245286941528320e-01
4.907596707344055176e-01
4.860819578170776367e-01
4.806417822837829590e-01
4.745637774467468262e-01
4.680467247962951660e-01
4.607502818107604980e-01
4.528792500495910645e-01
4.442635774612426758e-01
4.350402355194091797e-01
4.252818226814270020e-01
4.149365723133087158e-01
4.039519727230072021e-01
3.924558758735656738e-01
3.802578449249267578e-01
3.677375614643096924e-01
3.547230660915374756e-01
3.409771621227264404e-01
3.268570899963378906e-01
3.123237490653991699e-01
2.970444262027740479e-01
2.818309962749481201e-01
2.657313048839569092e-01
2.494366914033889771e-01
2.328131049871444702e-01
2.159029841423034668e-01
1.987821459770202637e-01
1.812042593955993652e-01
1.635011881589889526e-01
1.453447788953781128e-01
1.274210214614868164e-01
1.089651435613632202e-01
9.061834216117858887e-02
7.211254537105560303e-02
5.349743366241455078e-02
3.474295139312744141e-02
1.603901386260986328e-02
-2.828031778335571289e-03
-2.130392193794250488e-02
-3.996580839157104492e-02
-5.853879451751708984e-02
-7.725715637207031250e-02
-9.540075063705444336e-02
-1.134142279624938965e-01
-1.314923465251922607e-01
-1.493129432201385498e-01
-1.670830845832824707e-01
-1.841858923435211182e-01
-2.015701532363891602e-01
-2.184863686561584473e-01
-2.347735762596130371e-01
-2.509725689888000488e-01
-2.668837308883666992e-01
-2.824916243553161621e-01
-2.974849343299865723e-01
-3.126825690269470215e-01
-3.269267082214355469e-01
-3.411281108856201172e-01
-3.545210361480712891e-01
-3.676206469535827637e-01
-3.802136182785034180e-01
-3.926863074302673340e-01
-4.046606421470642090e-01
-4.156300425529479980e-01
-4.265182614326477051e-01
-4.366890192031860352e-01
-4.466663599014282227e-01
-4.560111761093139648e-01
-4.647997021675109863e-01
-4.734109044075012207e-01
-4.812068343162536621e-01
-4.884163141250610352e-01
-4.953016638755798340e-01
-5.016683340072631836e-01
-5.072891116142272949e-01
-5.128745436668395996e-01
-5.176540613174438477e-01
-5.218358635902404785e-01
-5.256752967834472656e-01
-5.292719006538391113e-01
-5.322487950325012207e-01
-5.344788432121276855e-01
-5.365333557128906250e-01
-5.382828116416931152e-01
-5.393807888031005859e-01
-5.401515364646911621e-01
-5.406300425529479980e-01
-5.405347347259521484e-01
-5.401303172111511230e-01
-5.394196510314941406e-01
-5.382486581802368164e-01
-5.368919968605041504e-01
-5.350043773651123047e-01
-5.327662229537963867e-01
-5.303353667259216309e-01
-5.276467204093933105e-01
-5.243719816207885742e-01
-5.212321877479553223e-01
-5.173441767692565918e-01
-5.135365724563598633e-01
-5.094543099403381348e-01
-5.048640370368957520e-01
-5.002515316009521484e-01
-4.953514337539672852e-01
-4.901185631752014160e-01
-4.847319126129150391e-01
-4.792115688323974609e-01
-4.732754826545715332e-01
-4.670385718345642090e-01
-4.607758522033691406e-01
-4.543693661689758301e-01
-4.477530717849731445e-01
-4.412232041358947754e-01
-4.340983629226684570e-01
-4.266400337219238281e-01
-4.194617271423339844e-01
-4.118615388870239258e-01
-4.040880203247070312e-01
-3.961274623870849609e-01
-3.883328437805175781e-01
-3.799883723258972168e-01
-3.717100024223327637e-01
-3.632150292396545410e-01
-3.544088602066040039e-01
-3.458083271980285645e-01
-3.363862633705139160e-01
-3.275117278099060059e-01
-3.180343508720397949e-01
-3.087759017944335938e-01
-2.991325259208679199e-01
-2.894018888473510742e-01
-2.794963717460632324e-01
-2.693726420402526855e-01
-2.592680454254150391e-01
-2.486923933029174805e-01
-2.383723258972167969e-01
-2.277202010154724121e-01
-2.170869112014770508e-01
-2.057294845581054688e-01
-1.949188113212585449e-01
-1.837309002876281738e-01
-1.723765134811401367e-01
-1.610081791877746582e-01
-1.495175957679748535e-01
-1.376204788684844971e-01
-1.261662244796752930e-01
-1.141708493232727051e-01
-1.022876799106597900e-01
-9.011182188987731934e-02
-7.817628979682922363e-02
-6.588831543922424316e-02
-5.381125211715698242e-02
-4.143324494361877441e-02
-2.934959530830383301e-02
-1.697105169296264648e-02
-4.875451326370239258e-03
7.187694311141967773e-03
1.920822262763977051e-02
3.146985173225402832e-02
4.333654046058654785e-02
5.490410327911376953e-02
6.685049831867218018e-02
7.836918532848358154e-02
8.976674079895019531e-02
1.008128523826599121e-01
1.119260191917419434e-01
1.225340664386749268e-01
1.329589784145355225e-01
1.432951688766479492e-01
1.529479473829269409e-01
1.624365746974945068e-01
1.717274338006973267e-01
1.804075241088867188e-01
1.890534162521362305e-01
1.968569755554199219e-01
2.047201693058013916e-01
2.117089033126831055e-01
2.185404896736145020e-01
2.246930599212646484e-01
2.306063175201416016e-01
2.357273399829864502e-01
2.407822459936141968e-01
2.449252605438232422e-01
2.485999017953872681e-01
2.518705427646636963e-01
2.546015083789825439e-01
2.568407654762268066e-01
2.586585581302642822e-01
2.596440911293029785e-01
2.603480517864227295e-01
2.604285478591918945e-01
2.600430548191070557e-01
2.592713832855224609e-01
2.575353980064392090e-01
2.557007968425750732e-01
2.529191970825195312e-01
2.501277923583984375e-01
2.470953166484832764e-01
2.432178854942321777e-01
2.390857040882110596e-01
2.342412024736404419e-01
2.291942685842514038e-01
2.240593880414962769e-01
2.178280055522918701e-01
2.116359025239944458e-01
2.054107487201690674e-01
1.986004263162612915e-01
1.913853287696838379e-01
1.835491657257080078e-01
1.761573404073715210e-01
1.678019315004348755e-01
1.597850173711776733e-01
1.514726728200912476e-01
1.424849331378936768e-01
1.342922598123550415e-01
1.250836104154586792e-01
1.160833537578582764e-01
1.068679094314575195e-01
9.743009507656097412e-02
8.812826871871948242e-02
7.818180322647094727e-02
6.887768208980560303e-02
5.909332633018493652e-02
4.967623949050903320e-02
4.010519385337829590e-02
3.058329224586486816e-02
2.100899815559387207e-02
1.166069507598876953e-02
2.174556255340576172e-03
-7.626920938491821289e-03
-1.650011539459228516e-02
-2.567490935325622559e-02
-3.453403711318969727e-02
-4.363185167312622070e-02
-5.209109187126159668e-02
-6.036809086799621582e-02
-6.860762834548950195e-02
-7.673192024230957031e-02
-8.457243442535400391e-02
-9.218615293502807617e-02
-9.968546032905578613e-02
-1.066470146179199219e-01
-1.138125658035278320e-01
-1.202531158924102783e-01
-1.264597177505493164e-01
-1.326487362384796143e-01
-1.382027864456176758e-01
-1.435348689556121826e-01
-1.489562094211578369e-01
-1.536547839641571045e-01
-1.583590507507324219e-01
-1.625434160232543945e-01
-1.665470004081726074e-01
-1.701283454895019531e-01
-1.736008226871490479e-01
-1.763551235198974609e-01
-1.789335310459136963e-01
-1.814417839050292969e-01
-1.834413111209869385e-01
-1.853489577770233154e-01
-1.867831647396087646e-01
-1.881759166717529297e-01
-1.892407536506652832e-01
-1.899285614490509033e-01
-1.901824474334716797e-01
-1.905006766319274902e-01
-1.905885636806488037e-01
-1.901380717754364014e-01
-1.899167299270629883e-01
-1.889376044273376465e-01
-1.879661381244659424e-01
-1.869033575057983398e-01
-1.853946149349212646e-01
-1.838066279888153076e-01
-1.821919083595275879e-01
-1.804097294807434082e-01
-1.782920956611633301e-01
-1.762594282627105713e-01
-1.738844215869903564e-01
-1.714195013046264648e-01
-1.689144372940063477e-01
-1.662310361862182617e-01
-1.637322008609771729e-01
-1.606909334659576416e-01
-1.579768955707550049e-01
-1.546817421913146973e-01
-1.519067287445068359e-01
-1.486785113811492920e-01
-1.454225182533264160e-01
-1.424001455307006836e-01
-1.390431523323059082e-01
-1.356764733791351318e-01
-1.326414346694946289e-01
-1.291353404521942139e-01
-1.256884038448333740e-01
-1.224743723869323730e-01
-1.190935671329498291e-01
-1.157556772232055664e-01
-1.122443079948425293e-01
-1.092004776000976562e-01
-1.056570708751678467e-01
-1.024152040481567383e-01
-9.925609827041625977e-02
-9.624800086021423340e-02
-9.289869666099548340e-02
-8.984199166297912598e-02
-8.669865131378173828e-02
-8.338579535484313965e-02
-8.057081699371337891e-02
-7.726383209228515625e-02
-7.449081540107727051e-02
-7.163593173027038574e-02
-6.862729787826538086e-02
-6.601169705390930176e-02
-6.328430771827697754e-02
-6.043460965156555176e-02
-5.788528919219970703e-02
-5.508002638816833496e-02
-5.274289846420288086e-02
-5.023974180221557617e-02
-4.789933562278747559e-02
-4.537993669509887695e-02
-4.307124018669128418e-02
-4.096782207489013672e-02
-3.867945075035095215e-02
-3.646454215049743652e-02
-3.426906466484069824e-02
-3.231164813041687012e-02
-3.038170933723449707e-02
-2.830985188484191895e-02
-2.643752098083496094e-02
-2.465128898620605469e-02
-2.287572622299194336e-02
-2.100655436515808105e-02
-1.924294233322143555e-02
-1.773196458816528320e-02
-1.631391048431396484e-02
-1.475870609283447266e-02
-1.322770118713378906e-02
-1.161679625511169434e-02
-1.025953888893127441e-02
-9.019076824188232422e-03
-7.553547620773315430e-03
-6.197839975357055664e-03
-5.217015743255615234e-03
-3.983646631240844727e-03
-2.945989370346069336e-03
-1.601934432983398438e-03
-5.840361118316650391e-04
4.921853542327880859e-04
1.432150602340698242e-03
2.327412366867065430e-03
3.466010093688964844e-03
4.250168800354003906e-03
5.140841007232666016e-03
5.934745073318481445e-03
6.578922271728515625e-03
7.606714963912963867e-03
8.247256278991699219e-03
8.830904960632324219e-03
9.787529706954956055e-03
1.034459471702575684e-02
1.094731688499450684e-02
1.170203089714050293e-02
1.225176453590393066e-02
1.271134614944458008e-02
1.316925883293151855e-02
1.370891928672790527e-02
1.440325379371643066e-02
1.467123627662658691e-02
1.512992382049560547e-02
1.568046212196350098e-02
1.595041155815124512e-02
1.636201143264770508e-02
1.677805185317993164e-02
1.709580421447753906e-02
1.759192347526550293e-02
1.801484823226928711e-02
1.827996969223022461e-02
1.852643489837646484e-02
1.879313588142395020e-02
1.900553703308105469e-02
1.936745643615722656e-02
1.961901783943176270e-02
1.992413401603698730e-02
2.005535364151000977e-02
2.030298113822937012e-02
2.035182714462280273e-02
2.056148648262023926e-02
2.077129483222961426e-02
2.098035812377929688e-02
2.106902003288269043e-02
2.126303315162658691e-02
2.151656150817871094e-02
2.176392078399658203e-02
2.187463641166687012e-02
2.201232314109802246e-02
2.205345034599304199e-02
2.207487821578979492e-02
2.223804593086242676e-02
2.241724729537963867e-02
2.240192890167236328e-02
2.256351709365844727e-02
2.267831563949584961e-02
2.275195717811584473e-02
2.275541424751281738e-02
2.286246418952941895e-02
2.282717823982238770e-02
2.295866608619689941e-02
2.294588088989257812e-02
2.303299307823181152e-02
2.298709750175476074e-02
2.320036292076110840e-02
2.325943112373352051e-02
2.327451109886169434e-02
2.332359552383422852e-02
2.343958616256713867e-02
2.350524067878723145e-02
2.348318696022033691e-02
2.359059453010559082e-02
2.362498641014099121e-02
2.369618415832519531e-02
2.366861701011657715e-02
2.376288175582885742e-02
2.377223968505859375e-02
2.388304471969604492e-02
2.388370037078857422e-02
2.391353249549865723e-02
2.387338876724243164e-02
2.398842573165893555e-02
2.400156855583190918e-02
2.402615547180175781e-02
2.411425113677978516e-02
2.411490678787231445e-02
2.409443259239196777e-02
2.412554621696472168e-02
2.407866716384887695e-02
2.413672208786010742e-02
2.418649196624755859e-02
2.419614791870117188e-02
2.419480681419372559e-02
2.419561147689819336e-02
2.419322729110717773e-02
2.419424057006835938e-02
2.421781420707702637e-02
2.423056960105895996e-02
2.425852417945861816e-02
2.427241206169128418e-02
2.427288889884948730e-02
2.428182959556579590e-02
2.428233623504638672e-02
2.429848909378051758e-02
2.429899573326110840e-02
2.429950237274169922e-02
2.430000901222229004e-02
2.426370978355407715e-02
2.426424622535705566e-02
2.426713705062866211e-02
2.426695823669433594e-02
2.427154779434204102e-02
2.427175641059875488e-02
2.427232265472412109e-02
2.427226305007934570e-02
2.427226305007934570e-02
