0.000000000000000000e+00
-6.099942784387746286e-06
-1.420188335110594835e-05
-1.981679246718104359e-05
-1.907532205730477770e-05
-1.097470787356225053e-05
2.940353578360921372e-06
1.931576196283202318e-05
3.439425611789781456e-05
4.517672135118111498e-05
5.007252324457089898e-05
4.939378482463063769e-05
4.454240176438029053e-05
3.792266211199990522e-05
3.229802612364496284e-05
2.950695463971308996e-05
3.072079774230074278e-05
3.555073314776002746e-05
4.316898447082051504e-05
5.138503749291256639e-05
5.850730153711403148e-05
6.218134629321081519e-05
6.148299852826166756e-05
5.582312929930388634e-05
4.587193380811704913e-05
3.314848935598302404e-05
1.953423197231796138e-05
7.048052295677287304e-06
-2.324722803592749187e-06
-7.286494950076161103e-06
-7.590368828025439996e-06
-3.452974501660932560e-06
3.867265874202274745e-06
1.219773429322890124e-05
1.998144122550282731e-05
2.527592428236413724e-05
2.669875269428745312e-05
2.358347217201739454e-05
1.635438013003476243e-05
6.153491621918583121e-06
-5.460769505860607609e-06
-1.680536301806867527e-05
-2.615757599389034738e-05
-3.239006992025728060e-05
-3.516011270014718360e-05
-3.475858150100291644e-05
-3.214770825306703661e-05
-2.906493623740583065e-05
-2.703565324710388573e-05
-2.756610735626940922e-05
-3.152426219341086799e-05
-3.918360353513672401e-05
-5.044947662125043308e-05
-6.427473652792503600e-05
-7.898054246308072734e-05
-9.343775206388515997e-05
-1.064039606483158096e-04
-1.166027843086392402e-04
-1.237139662515485128e-04
-1.278436755477452280e-04
-1.294836746776883984e-04
-1.295251851309853208e-04
-1.289797589875685269e-04
-1.284538464402240621e-04
-1.288064384886711267e-04
-1.303039059276089873e-04
-1.329517881273334368e-04
-1.363489686877494833e-04
-1.401255489406061372e-04
-1.434560228077419453e-04
-1.457486243251482350e-04
-1.464418183164672982e-04
-1.457488772190762560e-04
-1.429349265983370643e-04
-1.386900064888063611e-04
-1.333419880130692903e-04
-1.269931019450831755e-04
-1.207212939638990790e-04
-1.143614120565072945e-04
-1.089777077561415730e-04
-1.043047647651951237e-04
-1.003588583601278117e-04
-9.744027948035971498e-05
-9.494164832302143253e-05
-9.314893012722647025e-05
-9.115008812747571465e-05
-8.937019996504286246e-05
-8.733703992682730066e-05
-8.493240173879784694e-05
-8.207074706720329793e-05
-7.876083140148648631e-05
-7.511149253011661919e-05
-7.141101897678581167e-05
-6.722796364319605367e-05
-6.344134093755338100e-05
-5.949502361213276913e-05
-5.648549332409880108e-05
-5.405699932553575948e-05
-5.199976114417248496e-05
-5.127985561587111718e-05
-5.071434307407640674e-05
-5.127610212390942834e-05
-5.220828877589012151e-05
-5.291288915781899860e-05
-5.363940682656664904e-05
-5.337110327996441583e-05
-5.237833605875596987e-05
-5.042459309745339624e-05
-4.698422110727129564e-05
-4.241218338407737320e-05
-3.714384101483059197e-05
-3.133181293007991641e-05
-2.522375135743937236e-05
-1.936259214124769201e-05
-1.407813891329823264e-05
-9.788612310213107293e-06
-6.360445864384001169e-06
-3.626038433457434706e-06
-1.166673364083603559e-06
1.027078802173786443e-06
3.454122196433484504e-06
6.248402254493967689e-06
9.976325127003526916e-06
1.514120460935353130e-05
2.070454938407628731e-05
2.663198869484739717e-05
3.181213274519589795e-05
3.677676130051273085e-05
3.996102915618943152e-05
4.141497598131316238e-05
3.977103750361921097e-05
3.534121550116675614e-05
2.861936339246251571e-05
1.975180824942412983e-05
9.146655790354119020e-06
-2.389516786105438939e-06
-1.442952448277301514e-05
-2.592477401852644192e-05
-3.694369949341913539e-05
-4.691006088280991193e-05
-5.612343463406999078e-05
-6.513479680236855529e-05
-7.419241748263250003e-05
-8.347587764256925169e-05
-9.376274215311397597e-05
-1.055763296267109297e-04
-1.193108248960794704e-04
-1.344122068044351082e-04
-1.510514349651881361e-04
-1.685524177794661682e-04
-1.866319397228477506e-04
-2.046753754130214986e-04
-2.219815875047492781e-04
-2.379001415652726159e-04
-2.524458368973747646e-04
-2.650817820686324211e-04
-2.753853153737439996e-04
-2.844366193728853354e-04
-2.916830434095962765e-04
-2.975556974977866531e-04
-3.023060587098447272e-04
-3.053014760870664812e-04
-3.075842948017937228e-04
-3.085159310328156046e-04
-3.082375004998805235e-04
-3.060173897956180999e-04
-3.023574661379785367e-04
-2.968455018682279734e-04
-2.894670558103197566e-04
-2.805020902787794257e-04
-2.695141604603379371e-04
-2.576302764044635651e-04
-2.452701274334168069e-04
-2.327577534062263975e-04
-2.201880758866958665e-04
-2.075488221796040200e-04
-1.960336879520685471e-04
-1.846782361195620226e-04
-1.736781541231691151e-04
-1.620412024696538111e-04
-1.499390654216559149e-04
-1.363072841708001803e-04
-1.212743094177182179e-04
-1.049914315320310543e-04
-8.624348055852326667e-05
-6.623241805431279161e-05
-4.507576504736432454e-05
-2.363616338191265598e-05
-1.737823247194292264e-06
1.961908424463754130e-05
4.016638776493941521e-05
5.964828687365919535e-05
7.780648104677156951e-05
9.456898302007132884e-05
1.105347665315559169e-04
1.253591518322605403e-04
1.397697173572964857e-04
1.533374670203979662e-04
1.664190780544250181e-04
1.784855658461537153e-04
1.890438421867923768e-04
1.985119679577818097e-04
2.056680006420341655e-04
2.103856998021680358e-04
2.124212404867736881e-04
2.109056541181042466e-04
2.066073206337809554e-04
1.991217068763213860e-04
1.896797928272811462e-04
1.774470275420908516e-04
1.631841923981081077e-04
1.479804861404532268e-04
1.320349917356411495e-04
1.167802438193921155e-04
1.004813222570122289e-04
8.493252235258763605e-05
6.922874826925662362e-05
5.366394893341341898e-05
3.872666889942477653e-05
2.239960913619221117e-05
6.378438059007063288e-06
-1.054478262357827489e-05
-2.838505261343327035e-05
-4.632566720513819902e-05
-6.519657035880532803e-05
-8.407851537550747878e-05
-1.033325459294798243e-04
-1.223194719754405746e-04
-1.402283720856045690e-04
-1.579667217945224245e-04
-1.749839721966184314e-04
-1.912313597775550100e-04
-2.073103446624258162e-04
-2.239683001935000028e-04
-2.403746379743276762e-04
-2.580153955573094571e-04
-2.747935218904706822e-04
-2.921088171048968896e-04
-3.097532681769488150e-04
-3.255856461094053245e-04
-3.406654032371836394e-04
-3.529259305463938734e-04
-3.617799407074351326e-04
-3.683049090516532509e-04
-3.708389408685341948e-04
-3.708771648846115321e-04
-3.670252029102163971e-04
-3.606989305862846884e-04
-3.541873927577002257e-04
-3.453629740595848263e-04
-3.366363919305170871e-04
-3.274820145234558222e-04
-3.200570831538296357e-04
-3.128365187525794511e-04
-3.049908509517307298e-04
-2.979012435403993742e-04
-2.889067067748940509e-04
-2.786041779415104891e-04
-2.655947411702719307e-04
-2.494257637572494524e-04
-2.306449480023453624e-04
-2.083347181554562333e-04
-1.834133548253014112e-04
-1.556826560591972886e-04
-1.266789254603106762e-04
-9.722108400589402066e-05
-6.766701961175014546e-05
-3.923184904408572038e-05
-1.211222978136916595e-05
1.278429107159917422e-05
3.581287328541238324e-05
5.702001828750136170e-05
7.764407306148912724e-05
9.673865692116923043e-05
1.157975646681741466e-04
1.357537017684373737e-04
1.553069681755614440e-04
1.755288984009450992e-04
1.949239390477419676e-04
2.134612409145364431e-04
2.303388996268973532e-04
2.439738069504593376e-04
2.547273494218349477e-04
2.599480784156588120e-04
2.602235295399990544e-04
2.568983896019810809e-04
2.483605541368921754e-04
2.365783644041746792e-04
2.212335969508719136e-04
2.039114897434135543e-04
1.864208847320303342e-04
1.676814510099267075e-04
1.494740087414903051e-04
1.309416246161876352e-04
1.129102270419624077e-04
9.596280740348239746e-05
7.763635014523817546e-05
5.891038274474791336e-05
3.829814533318209868e-05
1.586009997589510334e-05
-8.018949587462742556e-06
-3.502583922521118609e-05
-6.305103362014286006e-05
-9.242849072205183703e-05
-1.223751586682531034e-04
-1.519566286068974037e-04
-1.808390986781649445e-04
-2.079440458565007255e-04
-2.335509903925725439e-04
-2.571359820352503434e-04
-2.785969785900066498e-04
-2.982040892626769413e-04
-3.165388174174443847e-04
-3.346090241826416012e-04
-3.513169737281995886e-04
-3.684894237258595773e-04
-3.848368776693256166e-04
-4.001291074696988748e-04
-4.145934972920595207e-04
-4.264966454200491697e-04
-4.363936013336289221e-04
-4.421672131612597312e-04
-4.436232465294120964e-04
-4.416261026314455274e-04
-4.347110523112082681e-04
-4.241707859132561043e-04
-4.098751130480818294e-04
-3.931388431557825136e-04
-3.750853069283272001e-04
-3.556252306685103726e-04
-3.364799920201749783e-04
-3.170756302253996406e-04
-2.981029638862708886e-04
-2.797959367077107462e-04
-2.602584214103642601e-04
-2.412402476422992326e-04
-2.205523315535473650e-04
-1.979359651518297625e-04
-1.729149019564224510e-04
-1.449646168827367632e-04
-1.146055348367203131e-04
-8.192651569477460427e-05
-4.670373318743648028e-05
-1.060521143991799420e-05
2.562471760059192860e-05
6.165032089278099647e-05
9.624241790140430908e-05
1.292250596467425794e-04
1.605389730220396771e-04
1.897246233669158677e-04
2.180312252793026317e-04
2.447188023507185228e-04
2.706006512788738938e-04
2.968393509027444921e-04
3.226277851934855612e-04
3.483406423490098547e-04
3.728805445476213176e-04
3.954536289351995304e-04
4.156639556963381832e-04
4.314730243716868863e-04
4.429436789597368529e-04
4.478305427057238663e-04
4.468474860585200381e-04
4.400551685968534521e-04
4.272222572155107145e-04
4.105359607358347040e-04
3.898181427433589086e-04
3.667375467764216745e-04
3.435312611988483589e-04
3.198225197999227110e-04
2.973364690367630292e-04
2.751158335257131160e-04
2.539540105919724233e-04
2.328639279535471562e-04
2.104169485407647588e-04
1.861418126948566343e-04
1.592531835069577184e-04
1.294686739389261376e-04
9.578738644600015562e-05
5.865497652196571821e-05
1.850778818940357340e-05
-2.465614202989963033e-05
-6.842275156687671611e-05
-1.123951467424388895e-04
-1.559052594471421749e-04
-1.978730054045807485e-04
-2.371496082949620110e-04
-2.734305257857116978e-04
-3.071892975929357839e-04
-3.380559150436557303e-04
-3.670545487464149659e-04
-3.946153360022686130e-04
-4.211482413550293735e-04
-4.479117020188272402e-04
-4.739133885381108247e-04
-4.997541714567010906e-04
-5.229839883669484824e-04
-5.442899731450678846e-04
-5.625622780532912870e-04
-5.746424854364551305e-04
-5.807152550755464993e-04
-5.795859966757355153e-04
-5.708848789046615246e-04
-5.557064162252968453e-04
-5.325033826667005532e-04
-5.053841951838250468e-04
-4.738989068702459395e-04
-4.401314942368006466e-04
-4.058849119283336471e-04
-3.721392951446245156e-04
-3.404906322918010986e-04
-3.099826986312781418e-04
-2.798582403542304586e-04
-2.528601526451679238e-04
-2.248811759886781836e-04
-1.959957033717818486e-04
-1.649426224311634215e-04
-1.316387771460314493e-04
-9.528712511475134761e-05
-5.556537471479439105e-05
-1.191884462703463043e-05
3.375134744365571038e-05
8.075702150511787636e-05
1.289025123633047443e-04
1.759717288568607430e-04
2.219365195636480159e-04
2.654418588158846681e-04
3.075836021476652249e-04
3.455650661499665155e-04
3.821224929680400173e-04
4.157510660105501188e-04
4.476130125464772291e-04
4.792079686093964064e-04
5.079981870351746309e-04
5.358028350591348410e-04
5.617038520443345950e-04
5.843495538722792704e-04
6.054370391877783586e-04
6.211626173720646849e-04
6.315074471727050165e-04
6.358322805449616311e-04
6.335125254377307891e-04
6.254139831775445968e-04
6.094212797430886841e-04
5.882868440396649135e-04
5.630846188263982643e-04
5.341390214172181405e-04
5.047518550005958282e-04
4.734457891020227294e-04
4.424722850566442656e-04
4.121866192403900175e-04
3.820886026905112587e-04
3.537829449280771588e-04
3.233809652309072025e-04
2.927823520408878721e-04
2.608459757184600214e-04
2.264915313489046511e-04
1.899470159531513325e-04
1.505636242984387252e-04
1.089549128079903006e-04
6.620709244375966307e-05
2.254725399999935043e-05
-2.076587226268467035e-05
-6.246337976376081791e-05
-1.032591634828883276e-04
-1.418799784597413183e-04
-1.784467174514303700e-04
-2.140503209998589895e-04
-2.478208758735500616e-04
-2.814210174036102519e-04
-3.142908809623812250e-04
-3.470237057252856250e-04
-3.805656676433150087e-04
-4.113709085775685281e-04
-4.407022330349119610e-04
-4.663974532518044835e-04
-4.883404054503437397e-04
-5.052388349461207906e-04
-5.143170950275312292e-04
-5.164644473901539024e-04
-5.114148647300809092e-04
-4.993903891348794311e-04
-4.833085650699786573e-04
-4.623711048868939244e-04
-4.382530603929402080e-04
-4.132593171927989584e-04
-3.868356159437424946e-04
-3.619850580494077263e-04
-3.366378323760299551e-04
-3.110115221863218871e-04
-2.846901844734683884e-04
-2.566390104056515131e-04
-2.265779389230837548e-04
-1.936532667146662057e-04
-1.579221082552151323e-04
-1.206387454853463659e-04
-8.230871850406495938e-05
-4.435448799805508102e-05
-8.785509019809678577e-06
2.388195796956815720e-05
