-5.960464483090177623e-09
-2.149573460716314166e-05
-5.305750411399579036e-05
-7.466466143360439567e-05
-8.226059247506967154e-05
-7.927591081113849469e-05
-7.132989772318243382e-05
-6.342339841780564313e-05
-5.861736508827597447e-05
-5.776388008849053790e-05
-6.006500812599790962e-05
-6.379231692010822741e-05
-6.692654080797666438e-05
-6.776106515815616405e-05
-6.529844222696867817e-05
-5.938487408718717830e-05
-5.045966151195901972e-05
-3.968175601826162691e-05
-2.846619468838129663e-05
-1.794299739843463470e-05
-9.397739620442546737e-06
-3.367131463816175341e-06
-2.971429481912757353e-07
2.390523240469732968e-07
-1.191190585780876887e-06
-3.812501950833935283e-06
-6.921840717294402978e-06
-9.623623264232161745e-06
-1.162531611287320743e-05
-1.268146067501252361e-05
-1.307555529746207146e-05
-1.276145344014656402e-05
-1.237959013698775035e-05
-1.229567748857463005e-05
-1.278335146525245297e-05
-1.420647777643918586e-05
-1.650065626764007920e-05
-1.952938979368767924e-05
-2.326042493376589970e-05
-2.735153984831373286e-05
-3.168517136106774323e-05
-3.588025261802574306e-05
-3.974440599957551612e-05
-4.326827873690763937e-05
-4.624893647947603270e-05
-4.872536448824460464e-05
-5.047489613235756067e-05
-5.140773431377976266e-05
-5.160349102639738561e-05
-5.090410777125464747e-05
-4.949330110970429075e-05
-4.746703500335680559e-05
-4.515689513523435394e-05
-4.265725528090902330e-05
-4.042611293691988905e-05
-3.846888268288495283e-05
-3.749710347988877146e-05
-3.702091473251067910e-05
-3.732279760176870909e-05
-3.776719861126043298e-05
-3.801299261541046803e-05
-3.776025487783885026e-05
-3.613551451669971826e-05
-3.304751363991664803e-05
-2.800907774069827383e-05
-2.112492458844483778e-05
-1.276058643745470178e-05
-3.357792388913871662e-06
6.285428584995589318e-06
1.586683929816201655e-05
2.458431969468155565e-05
3.187658249330371785e-05
3.803741828840162542e-05
4.289196825562301141e-05
4.747211480493618296e-05
5.219050599929164758e-05
5.761372339807557807e-05
6.477218312676835676e-05
7.363713082786382813e-05
8.488518207563910956e-05
9.774704989767846186e-05
1.117720431663138392e-04
1.265869241592332273e-04
1.409118483907678687e-04
1.543486920685954722e-04
1.661183541988853207e-04
1.763271408412592223e-04
1.846452203994042307e-04
1.914610868660182597e-04
1.971977860776852332e-04
2.023686147598069418e-04
2.069975560170522755e-04
2.116510636735458029e-04
2.160838441380708019e-04
2.202561506764455501e-04
2.237523020403586749e-04
2.262423372890731699e-04
2.273958784684837475e-04
2.269217081929397750e-04
2.249853180043559497e-04
2.214741049276214291e-04
2.166232443899795967e-04
2.110335196056078999e-04
2.048072344122964239e-04
1.984684693299709757e-04
1.920233653052161316e-04
1.856547659357110636e-04
1.790950652687528510e-04
1.721497821894624192e-04
1.646335108190233321e-04
1.564331860297724086e-04
1.475293569436764152e-04
1.368823465542901019e-04
1.249844127145412209e-04
1.114242803030573992e-04
9.669078123286656279e-05
8.097682553022400587e-05
6.385587594684438706e-05
4.572972883903902996e-05
2.734127415435216868e-05
9.015303371384675302e-06
-8.912381711911887550e-06
-2.606788386327885121e-05
-4.228397148953177975e-05
-5.683066647382828407e-05
-6.987781301870388262e-05
-8.115317650841946673e-05
-9.150952938463685626e-05
-1.010092590374433996e-04
-1.101867117305199706e-04
-1.191524738250460125e-04
-1.285813424912185532e-04
-1.385959057058072652e-04
-1.490248165141871972e-04
-1.594612901622549650e-04
-1.694979843573918288e-04
-1.788999251257639145e-04
-1.863827102560611237e-04
-1.916911744857530131e-04
-1.944188923903578115e-04
-1.944478200328614292e-04
-1.921441484308283876e-04
-1.873445357249425847e-04
-1.808410776968916167e-04
-1.729081065813264928e-04
-1.643938619918516864e-04
-1.556748803642760137e-04
-1.470575324114264948e-04
-1.382552135988091013e-04
-1.300137217598862360e-04
-1.216542078520677084e-04
-1.133969415337970910e-04
-1.041075178523850897e-04
-9.373015554819952300e-05
-8.191949104729284725e-05
-6.871987127632372960e-05
-5.428187267188244736e-05
-3.800908390444446283e-05
-2.059868615669757652e-05
-2.749689935799271012e-06
1.530262903876034031e-05
3.173501588316085531e-05
4.718730674119209212e-05
6.013990491032794594e-05
7.080827131600297975e-05
7.826132179089562158e-05
8.370188310974358004e-05
8.691370761154670888e-05
8.903589747144557975e-05
9.074925150615031910e-05
9.296244382139828843e-05
9.639635279634628517e-05
1.013660438439201172e-04
1.082741777574947051e-04
1.165871442526666968e-04
1.259060855602345264e-04
1.355309649482827616e-04
1.444272561476611649e-04
1.516795415703597882e-04
1.569300168258180861e-04
1.596381807389968266e-04
1.592123783985543994e-04
1.564096474672149739e-04
1.510601460354976666e-04
1.440258364170388106e-04
1.358525225465534447e-04
1.268003688407182139e-04
1.170768138471500741e-04
1.073625228049657210e-04
9.718066439046157967e-05
8.718482310629549481e-05
7.608598973173064106e-05
6.394488797134556535e-05
5.067358329302953934e-05
3.547520287740593692e-05
1.919078279157687694e-05
4.762896532450877629e-07
-1.946223221124809832e-05
-4.048462442110545290e-05
-6.180193793026145244e-05
-8.251661509084406987e-05
-1.023094268313151645e-04
-1.203694948473943427e-04
-1.360620583814031725e-04
-1.490593855676403123e-04
-1.589098896291885055e-04
-1.665731719202034888e-04
-1.717879983695880242e-04
-1.761877113720666799e-04
-1.798699202211206938e-04
-1.836103429368463047e-04
-1.886245521258711477e-04
-1.947556115835524793e-04
-2.026668066092973675e-04
-2.114964385238060629e-04
-2.206600267625757894e-04
-2.300561399253275852e-04
-2.381536145423246431e-04
-2.440168576294254876e-04
-2.475717024901791241e-04
-2.475502718444766437e-04
-2.452873958205259441e-04
-2.400540286300323345e-04
-2.320929596739129686e-04
-2.234387621733446849e-04
-2.134306365312310660e-04
-2.040690950960710737e-04
-1.954439577814826023e-04
-1.869897392686170612e-04
-1.794514179083994687e-04
-1.717367423412496930e-04
-1.645326259428481208e-04
-1.559346199718342207e-04
-1.442331590528478369e-04
-1.309571748701679472e-04
-1.133917797567288166e-04
-9.408170379029967556e-05
-7.187693802965244849e-05
-4.678036459046519546e-05
-2.158827360657089578e-05
4.603980423123488208e-06
2.896381149214422024e-05
5.061855130344961040e-05
7.047238725421678396e-05
8.645157168285511062e-05
1.001798249921082018e-04
1.097154537478273184e-04
1.172850894062826832e-04
1.243769368107217055e-04
1.302274558582228181e-04
1.362410570896477324e-04
1.431721206265335056e-04
1.514854594537595744e-04
1.608625458811019371e-04
1.709872320432292980e-04
1.814101960038172479e-04
1.916872784293310872e-04
2.005502087226718189e-04
2.084891305860203659e-04
2.144001969887621151e-04
2.177713499332822877e-04
2.194362071169519979e-04
2.188011927466981810e-04
2.171148178031767628e-04
2.143425297532197682e-04
2.103623664165277241e-04
2.067462094278438300e-04
2.022346099115890361e-04
1.985748934917874742e-04
1.949339651859949285e-04
1.896848448319499170e-04
1.845329377824778128e-04
1.768093944884696622e-04
1.688027878906164791e-04
1.583360009618436925e-04
1.448388086246268913e-04
1.303941942273345589e-04
1.132765550233560958e-04
9.608138535738275365e-05
7.813337065484815547e-05
6.012425161847079202e-05
4.391578710100096927e-05
2.841876249037866842e-05
1.590355670372245456e-05
5.560232265999776047e-06
-4.197865957566992989e-06
-1.198936253199445190e-05
-1.980315591071368786e-05
-2.741550041096552093e-05
-3.602821332571171098e-05
-4.646089445625722902e-05
-5.825331003650457973e-05
-7.127925228311848826e-05
-8.533148212885866002e-05
-9.951679229358578738e-05
-1.132592572410384690e-04
-1.256118770798231310e-04
-1.355554217967736008e-04
-1.433516760042108373e-04
-1.482448238271372176e-04
-1.502019635937212882e-04
-1.503561521321028494e-04
-1.483528136991263402e-04
-1.463776009633099839e-04
-1.439511372526847133e-04
-1.412100504267765899e-04
-1.397727694150696642e-04
-1.381273201538912865e-04
-1.374284644737322481e-04
-1.365283647960235935e-04
-1.334297532711303802e-04
-1.297564772021198021e-04
-1.234651336889103224e-04
-1.131636418559428536e-04
-1.012099451227488345e-04
-8.511864857244089144e-05
-6.773539942885736798e-05
-4.882189765587074959e-05
-2.866131221224144099e-05
-9.986291177987993706e-06
8.750075456531725138e-06
2.375840533624939965e-05
3.568510241386269044e-05
4.553005185253811149e-05
5.183194423591386268e-05
5.589213196699471808e-05
5.749214089645349191e-05
5.861790812455858202e-05
6.006526527357891609e-05
6.186509726091582451e-05
6.524273770280863971e-05
7.002079753437584486e-05
7.645567990333113073e-05
8.445762938602552339e-05
9.252575922502614958e-05
1.004301647710148515e-04
1.076178191865562184e-04
1.129906705282790469e-04
1.160916416036439358e-04
1.171091960031622747e-04
1.150761844576075887e-04
1.117311077464266944e-04
1.067431344002889304e-04
1.005701051332019702e-04
9.484658095149089974e-05
8.863793441615808177e-05
8.438533196525321856e-05
8.038405895816058688e-05
7.622434412857259645e-05
7.264119202421426280e-05
6.727095138733818480e-05
6.103405641405545978e-05
5.278572224121091949e-05
4.055933149274548732e-05
2.611650659566089328e-05
7.862825562962583170e-06
-1.181979988625070366e-05
-3.244400119434276419e-05
-5.497188164370336860e-05
-7.578504609384584256e-05
-9.617337732906183767e-05
-1.130685740943493389e-04
-1.276964919564305134e-04
-1.409647054734786131e-04
-1.509226368988092482e-04
-1.601704136611203921e-04
-1.677605963029127345e-04
-1.753667880692311165e-04
-1.841894647830466525e-04
-1.931315466265903780e-04
-2.037670966338334111e-04
-2.146875517714530446e-04
-2.259602699605789411e-04
-2.370842181823595851e-04
-2.469771598244685507e-04
-2.546356356147860822e-04
-2.602276459501284833e-04
-2.631968742135004646e-04
-2.627554141372279162e-04
-2.598004890637106712e-04
-2.538224019961177191e-04
-2.458648058667467495e-04
-2.368932231486819973e-04
-2.264106223913708860e-04
-2.161086358141162123e-04
-2.048682380829669469e-04
-1.946814091547954817e-04
-1.845138862479056563e-04
-1.736279467564050272e-04
-1.632560181600295479e-04
-1.506060087546612358e-04
-1.381321701876825347e-04
-1.242989206604039332e-04
-1.078055482783280006e-04
-9.075176478059998608e-05
-7.177523046023037701e-05
-5.443772892316494499e-05
-3.701713580021165351e-05
-1.935058820246027267e-05
-5.152679322523168182e-06
7.961646841136982289e-06
1.788987587267309998e-05
2.596144781275011582e-05
3.326698553030027483e-05
3.843352468063665484e-05
4.462041303421315774e-05
5.063294193352607664e-05
5.732052979950941207e-05
6.547806415424517468e-05
7.390739966894877000e-05
8.349486332959177304e-05
9.211438620049250403e-05
9.979044351327015505e-05
1.067955203530868147e-04
1.112259248813307622e-04
1.138253786215903673e-04
1.139726412588970561e-04
1.124020904659239761e-04
1.092904913750913920e-04
1.054378210724182807e-04
1.008923020040519702e-04
9.691139903567069780e-05
9.331852488059233508e-05
8.950235668558903512e-05
8.596555446360731878e-05
8.255568763265719312e-05
7.870250348307461508e-05
7.171101411485025778e-05
6.558149804147817008e-05
5.694576347753388390e-05
4.674463211840063082e-05
3.457435644077522241e-05
1.903624852866991901e-05
4.757755566409116454e-06
-9.411566232853108005e-06
-2.295637777542658409e-05
-3.381529714485687066e-05
-4.528093467126570459e-05
-5.215896434081906952e-05
-5.587928434758193674e-05
-5.706843489430846184e-05
-5.648298933330631044e-05
-5.670112220107492718e-05
-5.446372486767048215e-05
-5.425781266443774342e-05
-5.612640850111150215e-05
-6.121023546962200967e-05
-7.090201750964419958e-05
-8.187396102959931810e-05
-9.550635505972682182e-05
-1.101918724051298426e-04
-1.248302054931427207e-04
-1.399377896896814022e-04
-1.514852302751945601e-04
-1.612922848827080813e-04
-1.683953455293707435e-04
-1.731708226273553919e-04
-1.766620368618410097e-04
-1.791161576528699229e-04
-1.820521463923308048e-04
-1.852007504773434121e-04
-1.898850448704969551e-04
-1.944167834957433172e-04
-2.000847721098653054e-04
-2.048055061936171484e-04
-2.078625770911557424e-04
-2.083337730762746531e-04
-2.032470273520270432e-04
-1.958560168946466007e-04
-1.845786065067800408e-04
-1.704139190193409981e-04
-1.539453249800315504e-04
-1.353318177100271136e-04
-1.201738527281670521e-04
-1.075493654877912597e-04
-9.850594492152864312e-05
-9.343731702239621573e-05
-9.060319771510283449e-05
-9.365449537736963981e-05
-9.967473787908520677e-05
-1.068345726801950279e-04
-1.146067891711066711e-04
-1.180403472347268945e-04
-1.216605746503507390e-04
-1.233179424839359051e-04
-1.233179307283949200e-04
-1.229188536678860189e-04
-1.211914413600800877e-04
-1.247638281671736848e-04
-1.322319347933365030e-04
-1.439702909237228212e-04
-1.598523416305175360e-04
-1.761908578358228894e-04
-1.929818008927774997e-04
-2.047619386795762608e-04
-2.087901108135392647e-04
-2.052863464760967815e-04
-1.964923282914421421e-04
-1.936892642011578403e-04
-2.151481068396465801e-04
