0.000000000000000000e+00
-3.463836526917951630e-05
-9.143745337647501970e-05
-1.243587986464733675e-04
-1.243530586345631406e-04
-1.003176134947159071e-04
-6.707077580803133543e-05
-3.753982723120330434e-05
-1.960442273429841009e-05
-1.532818783389622297e-05
-2.208591106223067868e-05
-3.496820157633528936e-05
-4.803665350711083804e-05
-5.668012557091817172e-05
-5.799391524097252670e-05
-5.160300804718520595e-05
-3.875268368308537603e-05
-2.215671903732507886e-05
-5.257492625476700709e-06
9.365200914823734735e-06
1.935560480031961461e-05
2.387990562233155423e-05
2.324920236546068608e-05
1.857041916480950405e-05
1.212289911700636935e-05
5.922442285789808469e-06
1.820762725843888541e-06
1.309861108612919711e-06
5.068084523107696526e-06
1.277550696623941384e-05
2.352835583827039834e-05
3.630373765756145232e-05
4.949186821681661463e-05
6.194943561310672919e-05
7.243610400303746033e-05
8.073917654272122491e-05
8.687785577676798709e-05
9.151600067475174072e-05
9.527816809251632435e-05
9.936182643532909253e-05
1.044570133885702745e-04
1.109851643670278776e-04
1.189337079456898039e-04
1.279223790832118013e-04
1.371581803422117218e-04
1.455111051661406307e-04
1.522784283295441909e-04
1.564538761705813741e-04
1.576186251883715528e-04
1.556089023035944763e-04
1.512528791962619579e-04
1.450612121909888863e-04
1.376896114781422931e-04
1.302905815169230763e-04
1.236144810043970921e-04
1.177827756556615313e-04
1.128287614469702937e-04
1.084504443830680565e-04
1.039387501337585284e-04
9.895283667293863772e-05
9.283772140800117256e-05
8.488820507118743919e-05
7.587163993855172706e-05
6.550773531960318863e-05
5.496257933590431577e-05
4.461215804540952234e-05
3.521623243701171857e-05
2.749631645279637659e-05
2.156932226376334638e-05
1.779482893649042552e-05
1.583375509892070987e-05
1.451337114466433320e-05
1.395140953050488797e-05
1.297307878855846752e-05
1.153491825534036508e-05
9.148777931178297962e-06
5.766290874842372460e-06
1.754241107487786167e-06
-2.563109646469552416e-06
-6.432408379997145431e-06
-9.551775985938704139e-06
-1.180517125615176965e-05
-1.274301008558076376e-05
-1.266031146696100507e-05
-1.167186285916388400e-05
-1.008099290000785686e-05
-8.302465174803153047e-06
-6.622364266406499667e-06
-5.519258041375429968e-06
-4.618888451490832381e-06
-4.175441618958775081e-06
-3.755953722150984220e-06
-3.372577826565859027e-06
-2.437270980870653858e-06
-1.150011813277895811e-06
9.952814634117679304e-07
3.499642736992658598e-06
6.735013110104048906e-06
1.062807987617375716e-05
1.465806757283694139e-05
1.931135770422143239e-05
2.388235148370609906e-05
2.874511154743464303e-05
3.416926696006572506e-05
3.993547223471449747e-05
4.620841457030067101e-05
5.290573482943927708e-05
5.927650325103506201e-05
6.542660733586252997e-05
7.120323399671668607e-05
7.578827194598680705e-05
7.976353103741895545e-05
8.161950454835253943e-05
8.238367027807447229e-05
8.160370639179181929e-05
7.962943416695011933e-05
7.741599543903410208e-05
7.448634497553285883e-05
7.152197172244356693e-05
6.913126018026627406e-05
6.761456691067868618e-05
6.716279506069344762e-05
6.747230291181960382e-05
6.930978149666255916e-05
7.219057868612654971e-05
7.613359266361863220e-05
8.113446532287404978e-05
8.698482142477370616e-05
9.349907373551458178e-05
1.003183625468140328e-04
1.071392939896997909e-04
1.139844390432021015e-04
1.204978045030724587e-04
1.262490024219187212e-04
1.311444227206082225e-04
1.351263756472764754e-04
1.375569451332880888e-04
1.389711911390367760e-04
1.390800887520193818e-04
1.380261159240614433e-04
1.357999591033443032e-04
1.323010456990847405e-04
1.284334097203798652e-04
1.240732477832129366e-04
1.197906154618566532e-04
1.153941806092961819e-04
1.110505764006924911e-04
1.076664056342754860e-04
1.050586548230272865e-04
1.028329427641416771e-04
1.009483486233420102e-04
9.870550506307917971e-05
9.636976488824888776e-05
9.346317845293494742e-05
8.897914645933369115e-05
8.276114923649879884e-05
7.443458788292112160e-05
6.432206031492526677e-05
5.228050273403672676e-05
3.870275868916861484e-05
2.401744081759193961e-05
8.567825203975587556e-06
-6.473605126788850583e-06
-2.094464521379402200e-05
-3.441249405394808392e-05
-4.663491531226027220e-05
-5.736739855688455236e-05
-6.661653202733042178e-05
-7.506855982908344771e-05
-8.269556658174748165e-05
-9.007914108760672889e-05
-9.729046537104713011e-05
-1.048771518500357658e-04
-1.128909540202838180e-04
-1.212487855496990896e-04
-1.292600234107377233e-04
-1.374617579260606348e-04
-1.452042095543282230e-04
-1.517822072201746586e-04
-1.564686374061485807e-04
-1.597230080863654145e-04
-1.604890507320433368e-04
-1.591292772042118830e-04
-1.559511115834799622e-04
-1.506534433472206391e-04
-1.437483196238265037e-04
-1.363330282410091243e-04
-1.287180394078657475e-04
-1.209855936793666209e-04
-1.138224564434797692e-04
-1.064148583433677242e-04
-1.000154269309994071e-04
-9.380445883039323363e-05
-8.737226742072667918e-05
-8.032006160096916147e-05
-7.213680154843915560e-05
-6.283873163626108038e-05
-5.221741727562401181e-05
-3.998143089239958314e-05
-2.671862995246021555e-05
-1.243580533477617323e-05
2.155112998780683853e-06
1.607678002468748701e-05
2.946500665773621463e-05
4.216994176736710287e-05
5.326386681120398592e-05
6.313045313655063495e-05
7.175439546580619776e-05
7.959130216372845013e-05
8.682064567377967279e-05
9.369093960365226792e-05
1.004750112298946618e-04
1.073726344366088270e-04
1.148092427146751859e-04
1.219988259162363420e-04
1.292765717028632189e-04
1.354720450408297694e-04
1.406225348439260614e-04
1.448173061010527007e-04
1.464687145200649354e-04
1.471552333670300694e-04
1.451348248181216771e-04
1.418228521918585283e-04
1.376843901683133531e-04
1.319736760616724291e-04
1.268106268830782035e-04
1.213499500256273733e-04
1.161432795909952964e-04
1.129879200018751861e-04
1.103941738194447186e-04
1.088977664218115926e-04
1.070584861416618017e-04
1.046544928463011281e-04
1.018558579312378587e-04
9.625940727320259072e-05
8.859708381947495326e-05
7.660494715400201216e-05
6.137535411931960283e-05
4.297920834439583615e-05
2.094761963178370934e-05
-3.020311324097857408e-06
-2.865185178774209973e-05
-5.508532202325167049e-05
-8.075721333572483118e-05
-1.053370990538038399e-04
-1.278210476696184372e-04
-1.483869380133895355e-04
-1.667076815780599297e-04
-1.834520596089017630e-04
-1.986388616683765207e-04
-2.134958817909815565e-04
-2.278880708745378847e-04
-2.432087772206159570e-04
-2.592152775682809995e-04
-2.759278278275933971e-04
-2.934367794315551059e-04
-3.104847353243012087e-04
-3.272404265187711658e-04
-3.414853435561582273e-04
-3.527581732523654701e-04
-3.616800730401881214e-04
-3.658445561880163677e-04
-3.665324306836303947e-04
-3.626287350736445703e-04
-3.548179214787339220e-04
-3.447522426404669993e-04
-3.317432388349195183e-04
-3.177606644479726017e-04
-3.025317147115902383e-04
-2.872092178849219857e-04
-2.725540175318730274e-04
-2.574271057630139747e-04
-2.434540532156026504e-04
-2.279826221123770758e-04
-2.116668665269327843e-04
-1.945119531939487612e-04
-1.753292802179062804e-04
-1.546969752334037551e-04
-1.313396302674574301e-04
-1.063150586977923417e-04
-8.037127685300848867e-05
-5.338208483474105037e-05
-2.647098780972356735e-05
9.391915223311286809e-08
2.543981896141467303e-05
4.917166992185473262e-05
7.155911317940910621e-05
9.209631682954855236e-05
1.109001628613048851e-04
1.286499450692812907e-04
1.455929396646515883e-04
1.617882627610311985e-04
1.774910367522419818e-04
1.924845523424978389e-04
2.072598435751693557e-04
2.218004145038698915e-04
2.345646080935681610e-04
2.462437064983391544e-04
2.551856834724919310e-04
2.612630974699048370e-04
2.650450889198074922e-04
2.646374890988012485e-04
2.619807748855118579e-04
2.556988727976244880e-04
2.471604567647056605e-04
2.374384454514738563e-04
2.257156793254930238e-04
2.137524433299259341e-04
2.012052878875326967e-04
1.882805536380233180e-04
1.761007721834684236e-04
1.623242343101599650e-04
1.478369293968495590e-04
1.326740078693156022e-04
1.145717661265033271e-04
9.450338256855594921e-05
7.159257158809162469e-05
4.634768189562543661e-05
1.906453169925326208e-05
-1.018005706665547905e-05
-3.956402788618529343e-05
-6.948440207094064291e-05
-9.846045596956232160e-05
-1.259696948727184740e-04
-1.515270437252302926e-04
-1.749216370315886948e-04
-1.966202824049134712e-04
-2.166035812610767053e-04
-2.353254597302623097e-04
-2.531748733178296185e-04
-2.708095539965538201e-04
-2.882346330969620674e-04
-3.055138213154950932e-04
-3.227794531000527378e-04
-3.390026215333019621e-04
-3.548848179441566053e-04
-3.688154497298867796e-04
-3.805167118952346161e-04
-3.896007686409186377e-04
-3.949987577820113227e-04
-3.973040337250099974e-04
-3.957348290069689911e-04
-3.906244821562654401e-04
-3.835229442614579431e-04
-3.738694715293908177e-04
-3.630088690173942367e-04
-3.505646633908329757e-04
-3.375855361283167100e-04
-3.247377326485653692e-04
-3.108774547573023295e-04
-2.969593244075002803e-04
-2.814815038680307246e-04
-2.641122305864496145e-04
-2.451822844015683067e-04
-2.229480039664666347e-04
-1.981003117885182796e-04
-1.697066925467616283e-04
-1.381330199128338876e-04
-1.042285803856124460e-04
-6.830003635577286403e-05
-3.155157004053332770e-05
5.107297679052269501e-06
4.055540667080581585e-05
7.395696418022179586e-05
1.050089166229062343e-04
1.327852172404719866e-04
1.578261896066912584e-04
1.800276640713249776e-04
2.006639667334053634e-04
2.195330047298216236e-04
2.379119534665630198e-04
2.559524604775487155e-04
2.743925514311906788e-04
2.930977398721279492e-04
3.112193217983671989e-04
3.288574354103068753e-04
3.444139767308784794e-04
3.577445186300209912e-04
3.677348376720512846e-04
3.731353367631279339e-04
3.740556359681374010e-04
3.693893344178383886e-04
3.606265384685225506e-04
3.484980911150903360e-04
3.326737745674678004e-04
3.146407067492959508e-04
2.956587365482293839e-04
2.761866149395830750e-04
2.573578134903997672e-04
2.383075507755433309e-04
2.206506323029072680e-04
2.016912859255926005e-04
1.818039746920019351e-04
1.605830738281854853e-04
1.364854076955912543e-04
1.091619402722177057e-04
7.852991181864221737e-05
4.428348898383172028e-05
7.405934306342620843e-06
-3.199306789614109192e-05
-7.194771539065225596e-05
-1.121646047906876831e-04
-1.506729174361454149e-04
-1.872810382704259702e-04
-2.195685467801800073e-04
-2.486920927893820910e-04
-2.731336781911508638e-04
-2.940938728338837738e-04
-3.116486879315150116e-04
-3.265546028910493170e-04
-3.399699162369151928e-04
-3.515858392863502324e-04
-3.620808689711318973e-04
-3.734727740028753740e-04
-3.836497473065636488e-04
-3.928616120685013424e-04
-4.007327977010588516e-04
-4.065732453361198262e-04
-4.103394379934011127e-04
-4.096358842067687744e-04
-4.048280038985579976e-04
-3.957488927912380938e-04
-3.826626117472003985e-04
-3.659734124942665145e-04
-3.460927329861918089e-04
-3.238275234972443073e-04
-2.998589277624086336e-04
-2.756624482271735621e-04
-2.499507588623606225e-04
-2.244632788095668463e-04
-1.982048414564674399e-04
-1.715753061447000682e-04
-1.444221043800653081e-04
-1.157596020847362350e-04
-8.505101293601602386e-05
-5.242565397156617735e-05
-1.795088216755003074e-05
1.820202775010271168e-05
5.585132985191920696e-05
9.451593422238335762e-05
1.334793835626735259e-04
1.714540016778676179e-04
2.083663873704566516e-04
2.434326221025795434e-04
2.761444172412197418e-04
3.067139653494810325e-04
3.341092003497636576e-04
3.597781322282056493e-04
3.830857869056292220e-04
4.043563118128756795e-04
4.243541777404213899e-04
4.425187338771285894e-04
4.605642585795849397e-04
4.761076385334100936e-04
4.901547260262595351e-04
5.021199467096781888e-04
5.115530675280366424e-04
5.186285689451619607e-04
5.213914461594353067e-04
5.198438937402214549e-04
5.150872398893419080e-04
5.062418354999514980e-04
4.956483377964865378e-04
4.813867212818678798e-04
4.648510544967010549e-04
4.471407396680893154e-04
4.278701912606985847e-04
4.090210057777765584e-04
3.875244159630142349e-04
3.645701918957577892e-04
3.395657454039746614e-04
3.124034902657057966e-04
2.831056601295123265e-04
2.503151289501848176e-04
2.148868702173678535e-04
1.775114035901803611e-04
1.383027672874070912e-04
9.832925919645019164e-05
5.843805360256082437e-05
1.898429404226242845e-05
-1.965413936338977763e-05
-5.673700081057497790e-05
-9.227895300079058671e-05
-1.259338760910833077e-04
-1.574258252705074135e-04
-1.876270648384636974e-04
-2.155529284704471582e-04
-2.433967408250192754e-04
-2.697744463072415666e-04
-2.941685395834170436e-04
-3.170215367993139965e-04
-3.380740518144353945e-04
-3.571465032819742813e-04
-3.725022039363784510e-04
-3.843184950992860338e-04
-3.926113585584563217e-04
-3.978008781420939999e-04
-4.016129130301540617e-04
-4.029572396986244587e-04
-4.022930314560024811e-04
