1.192092896618035525e-08
-1.042277278889836012e-05
-2.278944835909513245e-05
-4.103502807240033690e-05
-6.198601403423209533e-05
-8.076106269316873920e-05
-9.360182515177895013e-05
-9.902601947256450821e-05
-9.785741050105656313e-05
-9.237259914113282733e-05
-8.525880514208272754e-05
-7.884777123350061867e-05
-7.465504516796644952e-05
-7.305647271350565464e-05
-7.351593409063439388e-05
-7.463677474831703629e-05
-7.513102360355572440e-05
-7.357092870255432793e-05
-6.918918449075328603e-05
-6.198363929371675241e-05
-5.214553818291833842e-05
-4.073062280221528830e-05
-2.875928602083521746e-05
-1.758326239995056106e-05
-8.069095312590590652e-06
-9.998217107565210426e-07
3.528259640894759741e-06
5.387123119426906470e-06
5.313283725327799800e-06
3.911954785495996845e-06
2.167137331643420595e-06
5.206014177527862330e-07
-2.557771318079105072e-07
2.620164080702203080e-07
2.201155396563958533e-06
5.031759845897099126e-06
8.555041633329096840e-06
1.178770885446045469e-05
1.438794173225232953e-05
1.548568541620554129e-05
1.473603859458716414e-05
1.207898311722521711e-05
7.536503365379587649e-06
1.568900150794583226e-06
-5.244585804503598681e-06
-1.214290271167595137e-05
-1.842704176183151965e-05
-2.344975433613005755e-05
-2.695520140347240634e-05
-2.882828068034859470e-05
-2.965211614106011417e-05
-3.000847883122964577e-05
-3.032962533145583395e-05
-3.129532318329672491e-05
-3.385925716421767095e-05
-3.790238421363945065e-05
-4.352246734104503467e-05
-5.042295294682697104e-05
-5.792447787034138429e-05
-6.543483533041904998e-05
-7.237189846126534931e-05
-7.774865534038166714e-05
-8.179583496681352983e-05
-8.407017979372710670e-05
-8.546123638603075889e-05
-8.608533915488436605e-05
-8.684010904480565785e-05
-8.854384594197961533e-05
-9.164898883395888873e-05
-9.667514581185310263e-05
-1.037485581087405073e-04
-1.123699476872630498e-04
-1.224434219201375740e-04
-1.331512154573721851e-04
-1.439057193496906528e-04
-1.541834479020232074e-04
-1.636067176395417100e-04
-1.721130277343441151e-04
-1.795159142927715834e-04
-1.861478477714895163e-04
-1.922516703254939507e-04
-1.979461226341294733e-04
-2.033868524879967055e-04
-2.085482762259616152e-04
-2.129135317043284736e-04
-2.167145714006557533e-04
-2.189417957349504285e-04
-2.196640692097573400e-04
-2.182998872615471431e-04
-2.149493278237601945e-04
-2.094114297047505735e-04
-2.018306355569612909e-04
-1.922045019150976641e-04
-1.814628998910196300e-04
-1.691263062801318107e-04
-1.561949858008560010e-04
-1.420910360190041910e-04
-1.275019416861200572e-04
-1.128491041224033431e-04
-9.766437560812524232e-05
-8.273575721493009461e-05
-6.771135045491316617e-05
-5.301785867389829932e-05
-3.943022088631620292e-05
-2.639500347445533635e-05
-1.419415794340350701e-05
-2.844999203499565255e-06
7.778134204661224516e-06
1.795259145859207095e-05
2.772923182203790304e-05
3.749014993370547444e-05
4.699214327591461071e-05
5.660525013112538417e-05
6.567757389447370642e-05
7.443819408720075970e-05
8.257655401638919201e-05
8.959242653538979084e-05
9.545849231673564361e-05
9.972909082045511298e-05
1.024334777890434367e-04
1.034145371536787650e-04
1.030863414900329289e-04
1.010620451832866529e-04
9.740416373293925290e-05
9.269351560481364771e-05
8.678470291678674897e-05
8.037408081279506789e-05
7.260363119029888956e-05
6.416017381552507892e-05
5.523146942906786983e-05
4.626907718335848685e-05
3.720277952392464504e-05
2.772712232081142592e-05
1.824343990217136557e-05
8.432513581173306516e-06
-1.680291189160021403e-06
-1.194989307855276461e-05
-2.322464864235040949e-05
-3.490249919743670937e-05
-4.740918629617119073e-05
-6.035286244907012154e-05
-7.307459702748930752e-05
-8.572335787332407975e-05
-9.768981786784092236e-05
-1.086029880090211286e-04
-1.181746169844899441e-04
-1.258943797408096366e-04
-1.324792352809245344e-04
-1.381133033901416063e-04
-1.431285763926481991e-04
-1.477465903045871443e-04
-1.526631137965805962e-04
-1.584671832271511427e-04
-1.652762208282365641e-04
-1.730029007065980728e-04
-1.814475759417399914e-04
-1.905691958967725697e-04
-1.994180219633268081e-04
-2.076422042945891278e-04
-2.146310967628406452e-04
-2.199380106420734116e-04
-2.236016105306992685e-04
-2.250189091919652107e-04
-2.246969042347113366e-04
-2.224963537038049388e-04
-2.194423011677160140e-04
-2.153924446126886938e-04
-2.111780676397889689e-04
-2.070691688048353907e-04
-2.034494986863089050e-04
-2.005539437673481418e-04
-1.978232566477722276e-04
-1.948388101524964333e-04
-1.914712338690650884e-04
-1.870445633099723781e-04
-1.816659435765755060e-04
-1.737263064192778872e-04
-1.635396056772764339e-04
-1.509419046449023138e-04
-1.366130048623126481e-04
-1.205612711363268641e-04
-1.038596242123324132e-04
-8.673659392072208263e-05
-6.960919190079906116e-05
-5.403134332548908958e-05
-3.999081809141769028e-05
-2.720292945895819159e-05
-1.554308135587323392e-05
-5.418586561889426889e-06
4.456885407511101960e-06
1.365871146907782219e-05
2.335939605785375406e-05
3.320777686621756430e-05
4.357115723629956250e-05
5.383852482349071877e-05
6.423368573854615349e-05
7.379146708846873182e-05
8.228081102995554730e-05
8.897734927498790469e-05
9.378702653822790225e-05
9.689517601174646444e-05
9.719527459955967785e-05
9.585358840524804691e-05
9.299220546155062550e-05
8.861680164873320109e-05
8.406745158273665197e-05
7.898879591738960926e-05
7.412929520331235089e-05
6.877870180099776576e-05
6.417269379979662070e-05
5.986978080937954694e-05
5.509270102882490860e-05
5.038063524263891590e-05
4.367605083117204190e-05
3.707989703150699201e-05
2.820190646614373353e-05
1.869732351938990789e-05
7.709865902483237221e-06
-5.479331160462841410e-06
-1.808372543404823674e-05
-3.245771967841371008e-05
-4.601096272427440681e-05
-5.912281103120919923e-05
-7.190214125446514615e-05
-8.237721640114159527e-05
-9.152272819068496545e-05
-9.843566769623945945e-05
-1.033872052370043981e-04
-1.078386247218565686e-04
-1.109447730278656508e-04
-1.141044415751690799e-04
-1.170466444019302443e-04
-1.208057896339154169e-04
-1.255373905313383887e-04
-1.309791319989983549e-04
-1.371739199953481148e-04
-1.433754928900077275e-04
-1.494942571635959894e-04
-1.539538255778682974e-04
-1.571065415010841626e-04
-1.574865494746169325e-04
-1.560114947894430948e-04
-1.515535715784777082e-04
-1.440898070712570700e-04
-1.352958595327025115e-04
-1.242604447811990198e-04
-1.133054421069146223e-04
-1.024028323078352010e-04
-9.071744032224104970e-05
-8.130858678437324905e-05
-7.304233143151650509e-05
-6.623916170514498880e-05
-5.873722512261814188e-05
-5.191895469029705890e-05
-4.485150420847558439e-05
-3.557486390957237399e-05
-2.581336434955006087e-05
-1.318459195687182728e-05
6.874274300072702459e-07
1.593933929994184595e-05
3.408806044022383297e-05
5.190427443230172244e-05
7.066994320481523317e-05
8.823051435702389256e-05
1.046871072090671539e-04
1.204830729047978721e-04
1.340595945450995252e-04
1.464842516147313312e-04
1.568598784638663979e-04
1.667150236628334170e-04
1.761887806009942992e-04
1.850204118625242700e-04
1.940583598412093380e-04
2.030006626640989964e-04
2.119385485758185084e-04
2.203717530191440233e-04
2.282457656391789769e-04
2.346161188405693210e-04
2.390471471682698024e-04
2.409802740230837514e-04
2.401934577300202101e-04
2.370647444168150209e-04
2.310310169925111623e-04
2.231131968607469318e-04
2.139142403486671284e-04
2.026340116200731067e-04
1.920306958936301989e-04
1.807506120744539757e-04
1.707236830190694832e-04
1.614389484109191031e-04
1.512628120868830806e-04
1.427956714201705779e-04
1.332605791114632732e-04
1.243130582403786932e-04
1.139320704330940015e-04
1.008391146929410453e-04
8.785663693365586280e-05
7.242732064685619697e-05
5.702118282299717400e-05
4.146831535312145434e-05
2.438329465245803185e-05
1.019603011348513277e-05
-3.796928575106051085e-06
-1.553095709916352263e-05
-2.516366223676014258e-05
-3.380342130138158652e-05
-3.990269523174161392e-05
-4.569902159395899943e-05
-5.041202113081899583e-05
-5.493117779920009269e-05
-6.075263280658216303e-05
-6.688454498682272487e-05
-7.422644409982304126e-05
-8.244475137220153016e-05
-9.103414216404814852e-05
-9.935067606570147092e-05
-1.067670336210024828e-04
-1.129099246272025070e-04
-1.161798743892772379e-04
-1.171815195046832514e-04
-1.148256110026224519e-04
-1.102236872765338660e-04
-1.033309178644081783e-04
-9.395044232540783469e-05
-8.429657942921053859e-05
-7.386230232681034735e-05
-6.395932531694237255e-05
-5.504436012060409666e-05
-4.634429069361178932e-05
-3.944574899183983518e-05
-3.194289813940320855e-05
-2.531737520378163353e-05
-1.818137724675372713e-05
-8.838651443909828487e-06
7.152317585135126166e-07
1.374935126503135097e-05
2.778056702355119478e-05
4.315855248057665072e-05
6.039506961033613841e-05
7.701305784124645726e-05
9.465478881093281061e-05
1.102788606561766471e-04
1.242222543387794254e-04
1.377461086165543414e-04
1.490812570038024809e-04
1.601825968428061131e-04
1.694483611829333825e-04
1.783578616743608514e-04
1.875204933146079611e-04
1.964842076249695424e-04
2.063926084947542705e-04
2.163298254738155180e-04
2.264114077334955510e-04
2.368891690186503141e-04
2.463919955242310778e-04
2.551577030305285376e-04
2.623492872395605247e-04
2.674477248565398924e-04
2.702833344619959277e-04
2.705743152666695295e-04
2.679688533872015554e-04
2.629532558668934428e-04
2.555877776162507331e-04
2.459816948028326067e-04
2.355522868197623687e-04
2.237082365034170905e-04
2.122778445972639538e-04
2.010404445254021510e-04
1.892014296147603858e-04
1.786540279372084150e-04
1.668729527636581000e-04
1.562754176408776008e-04
1.444735759629500738e-04
1.311693074903530487e-04
1.171299996285124490e-04
1.007632992014416418e-04
8.345900528458627399e-05
6.470460842605829654e-05
4.455966637055552848e-05
2.563181295217598077e-05
6.004066754328185596e-06
-1.043046349669118911e-05
-2.590526828449846164e-05
-4.003306935362882513e-05
-5.046987438278582871e-05
-5.976714459182685957e-05
-6.647489587169319591e-05
-7.233754731517105796e-05
-7.754219051547828201e-05
-8.166084069449741634e-05
-8.631569922445958554e-05
-8.979292780109116023e-05
-9.317811237607998009e-05
-9.614762012921662659e-05
-9.837444002591677616e-05
-9.970612648535492895e-05
-9.988451067133308214e-05
-9.892833597380246147e-05
-9.608770042957015534e-05
-9.248096026504004641e-05
-8.746968392436826889e-05
-8.166375432516748134e-05
-7.543445341617882605e-05
-6.776861139501377806e-05
-6.169823206408908689e-05
-5.407080801972385942e-05
-4.806764446085853848e-05
-4.265119184126975327e-05
-3.733644959741377889e-05
-3.309490531772096844e-05
-2.766178911589589617e-05
-2.370145655755662162e-05
-2.056019379087503651e-05
-1.413216306739295547e-05
-8.911325785759816043e-06
-2.083141187700365826e-06
4.941671724739693516e-06
1.244848940135795390e-05
2.245403336459395049e-05
3.058729907406965154e-05
3.996917712315029014e-05
4.853647783165104812e-05
5.710516436113755034e-05
6.724162989107940192e-05
7.669142926319816311e-05
8.759600431962333289e-05
9.945541473371788399e-05
1.142785779912891542e-04
1.284269077695410211e-04
1.437084087890783124e-04
1.590993110293092982e-04
1.743580540853884031e-04
1.892573201528469085e-04
2.014130219015752843e-04
2.110814374456371212e-04
2.185502685723150762e-04
2.237349680377365146e-04
2.257459313647069976e-04
2.258505334489235850e-04
2.244787253394830984e-04
2.223493856093883281e-04
2.195304172180057023e-04
2.156864548970016671e-04
2.120065954572813993e-04
2.081875570804081477e-04
2.038487911475428405e-04
1.988452989224454015e-04
1.906925166179629372e-04
1.824975872053991033e-04
1.732187968285225921e-04
1.619455172064965254e-04
1.497869130104301227e-04
1.341628681056916683e-04
1.210242916413195591e-04
1.078110460678849414e-04
9.472577269567517000e-05
8.336742768851046481e-05
7.115135083492207801e-05
6.309695345524390930e-05
5.761656544853166473e-05
5.308725467007002763e-05
5.033157471673321837e-05
4.641025406715293400e-05
4.528592194918967806e-05
4.484277276806114543e-05
4.368229519902122604e-05
4.316798432890678328e-05
4.026635257448063498e-05
3.965013944345896491e-05
3.974387602995177460e-05
4.044093106170265628e-05
4.202060711344657307e-05
4.354333676948041187e-05
4.752706806609996448e-05
5.235491647781476132e-05
5.718239863761187536e-05
6.193650987074139636e-05
6.586407037156849498e-05
6.876384844922700523e-05
7.053827273795221231e-05
7.038727933772470635e-05
6.877256610826609773e-05
6.650433220445339799e-05
6.297451047954094605e-05
5.873131526223929200e-05
5.455454027469830436e-05
4.992391773039894787e-05
4.909107344069907342e-05
4.827413486063747428e-05
4.894168634983486754e-05
5.177906974462853640e-05
5.594755009463714401e-05
6.289468195125325067e-05
6.809260249943105414e-05
7.164705792778169879e-05
7.463359502193900319e-05
7.638253551844886857e-05
8.196681589020538006e-05
9.031361818475670822e-05
1.089718461924696347e-04
