2.237500101327896118e-01
2.237706929445266724e-01
2.238074690103530884e-01
2.238279283046722412e-01
2.238255143165588379e-01
2.238076031208038330e-01
2.237859219312667847e-01
2.237700670957565308e-01
2.237648069858551025e-01
2.237698584794998169e-01
2.237815260887145996e-01
2.237950414419174194e-01
2.238060086965560913e-01
2.238118797540664673e-01
2.238122224807739258e-01
2.238081991672515869e-01
2.238019108772277832e-01
2.237953841686248779e-01
2.237904965877532959e-01
2.237874865531921387e-01
2.237863838672637939e-01
2.237858176231384277e-01
2.237845957279205322e-01
2.237816452980041504e-01
2.237763553857803345e-01
2.237692326307296753e-01
2.237613052129745483e-01
2.237541079521179199e-01
2.237492352724075317e-01
2.237479686737060547e-01
2.237505614757537842e-01
2.237568348646163940e-01
2.237655222415924072e-01
2.237747907638549805e-01
2.237830311059951782e-01
2.237890958786010742e-01
2.237922102212905884e-01
2.237928509712219238e-01
2.237918227910995483e-01
2.237907350063323975e-01
2.237908691167831421e-01
2.237930446863174438e-01
2.237975299358367920e-01
2.238037884235382080e-01
2.238107323646545410e-01
2.238169014453887939e-01
2.238213717937469482e-01
2.238232642412185669e-01
2.238225638866424561e-01
2.238198220729827881e-01
2.238162904977798462e-01
2.238129079341888428e-01
2.238104641437530518e-01
2.238096743822097778e-01
2.238102853298187256e-01
2.238118350505828857e-01
2.238133400678634644e-01
2.238140255212783813e-01
2.238130867481231689e-01
2.238105982542037964e-01
2.238066494464874268e-01
2.238018512725830078e-01
2.237973213195800781e-01
2.237935960292816162e-01
2.237913161516189575e-01
2.237906157970428467e-01
2.237910181283950806e-01
2.237917184829711914e-01
2.237918078899383545e-01
2.237901836633682251e-01
2.237861156463623047e-01
2.237793952226638794e-01
2.237702608108520508e-01
2.237591445446014404e-01
2.237470299005508423e-01
2.237347662448883057e-01
2.237229049205780029e-01
2.237119227647781372e-01
2.237017601728439331e-01
2.236922085285186768e-01
2.236828207969665527e-01
2.236735224723815918e-01
2.236641198396682739e-01
2.236550301313400269e-01
2.236467152833938599e-01
2.236395329236984253e-01
2.236341387033462524e-01
2.236308604478836060e-01
2.236298471689224243e-01
2.236305773258209229e-01
2.236327528953552246e-01
2.236358970403671265e-01
2.236394137144088745e-01
2.236429303884506226e-01
2.236462384462356567e-01
2.236493080854415894e-01
2.236520946025848389e-01
2.236546277999877930e-01
2.236572057008743286e-01
2.236594259738922119e-01
2.236618250608444214e-01
2.236639559268951416e-01
2.236660271883010864e-01
2.236685007810592651e-01
2.236711531877517700e-01
2.236746996641159058e-01
2.236791402101516724e-01
2.236847132444381714e-01
2.236915975809097290e-01
2.236995398998260498e-01
2.237078696489334106e-01
2.237163484096527100e-01
2.237242162227630615e-01
2.237311899662017822e-01
2.237365245819091797e-01
2.237400412559509277e-01
2.237421274185180664e-01
2.237426340579986572e-01
2.237421721220016479e-01
2.237410396337509155e-01
2.237398177385330200e-01
2.237386107444763184e-01
2.237376123666763306e-01
2.237372994422912598e-01
2.237372845411300659e-01
2.237375229597091675e-01
2.237378656864166260e-01
2.237382084131240845e-01
2.237382978200912476e-01
2.237378209829330444e-01
2.237368524074554443e-01
2.237353771924972534e-01
2.237334549427032471e-01
2.237311452627182007e-01
2.237288206815719604e-01
2.237266004085540771e-01
2.237243801355361938e-01
2.237226366996765137e-01
2.237212806940078735e-01
2.237201929092407227e-01
2.237194031476974487e-01
2.237191051244735718e-01
2.237194478511810303e-01
2.237203866243362427e-01
2.237222790718078613e-01
2.237251996994018555e-01
2.237294018268585205e-01
2.237343043088912964e-01
2.237397879362106323e-01
2.237450629472732544e-01
2.237498909235000610e-01
2.237535417079925537e-01
2.237553447484970093e-01
2.237549424171447754e-01
2.237525880336761475e-01
2.237483263015747070e-01
2.237423360347747803e-01
2.237355709075927734e-01
2.237283438444137573e-01
2.237212508916854858e-01
2.237146496772766113e-01
2.237088978290557861e-01
2.237039506435394287e-01
2.237000018358230591e-01
2.236970216035842896e-01
2.236949801445007324e-01
2.236936688423156738e-01
2.236930429935455322e-01
2.236931622028350830e-01
2.236937135457992554e-01
2.236947566270828247e-01
2.236960679292678833e-01
2.236976474523544312e-01
2.236991524696350098e-01
2.237005829811096191e-01
2.237017750740051270e-01
2.237025052309036255e-01
2.237030267715454102e-01
2.237031012773513794e-01
2.237029820680618286e-01
2.237028181552886963e-01
2.237031906843185425e-01
2.237039804458618164e-01
2.237054407596588135e-01
2.237083911895751953e-01
2.237124294042587280e-01
2.237175554037094116e-01
2.237233072519302368e-01
2.237296551465988159e-01
2.237356454133987427e-01
2.237410396337509155e-01
2.237450927495956421e-01
2.237476706504821777e-01
2.237484157085418701e-01
2.237478196620941162e-01
2.237457036972045898e-01
2.237426638603210449e-01
2.237387597560882568e-01
2.237346172332763672e-01
2.237300127744674683e-01
2.237250357866287231e-01
2.237201780080795288e-01
2.237146049737930298e-01
2.237088233232498169e-01
2.237031161785125732e-01
2.236971408128738403e-01
2.236914038658142090e-01
2.236862033605575562e-01
2.236816585063934326e-01
2.236777544021606445e-01
2.236746549606323242e-01
2.236720174551010132e-01
2.236698865890502930e-01
2.236679196357727051e-01
2.236663401126861572e-01
2.236651033163070679e-01
2.236638963222503662e-01
2.236632704734802246e-01
2.236632406711578369e-01
2.236643731594085693e-01
2.236666083335876465e-01
2.236697524785995483e-01
2.236744463443756104e-01
2.236801534891128540e-01
2.236869633197784424e-01
2.236947268247604370e-01
2.237030565738677979e-01
2.237116992473602295e-01
2.237196862697601318e-01
2.237274497747421265e-01
2.237341105937957764e-01
2.237396240234375000e-01
2.237439304590225220e-01
2.237470448017120361e-01
2.237489819526672363e-01
2.237499952316284180e-01
2.237502634525299072e-01
2.237499505281448364e-01
2.237495779991149902e-01
2.237489372491836548e-01
2.237482666969299316e-01
2.237472534179687500e-01
2.237464934587478638e-01
2.237454205751419067e-01
2.237439155578613281e-01
2.237417995929718018e-01
2.237392812967300415e-01
2.237358838319778442e-01
2.237316817045211792e-01
2.237264662981033325e-01
2.237206250429153442e-01
2.237138748168945312e-01
2.237065434455871582e-01
2.236987054347991943e-01
2.236907333135604858e-01
2.236825227737426758e-01
2.236743420362472534e-01
2.236665338277816772e-01
2.236586362123489380e-01
2.236512899398803711e-01
2.236443608999252319e-01
2.236380130052566528e-01
2.236323803663253784e-01
2.236276715993881226e-01
2.236237972974777222e-01
2.236207574605941772e-01
2.236187011003494263e-01
2.236174792051315308e-01
2.236170619726181030e-01
2.236167490482330322e-01
2.236168384552001953e-01
2.236171960830688477e-01
2.236179411411285400e-01
2.236188799142837524e-01
2.236204743385314941e-01
2.236230820417404175e-01
2.236264348030090332e-01
2.236309349536895752e-01
2.236368805170059204e-01
2.236441075801849365e-01
2.236522138118743896e-01
2.236611247062683105e-01
2.236704677343368530e-01
2.236801236867904663e-01
2.236895412206649780e-01
2.236986160278320312e-01
2.237069904804229736e-01
2.237144112586975098e-01
2.237206399440765381e-01
2.237256616353988647e-01
2.237294763326644897e-01
2.237318158149719238e-01
2.237331569194793701e-01
2.237334400415420532e-01
2.237332761287689209e-01
2.237325906753540039e-01
2.237319648265838623e-01
2.237316966056823730e-01
2.237318009138107300e-01
2.237327247858047485e-01
2.237342000007629395e-01
2.237369120121002197e-01
2.237402796745300293e-01
2.237439602613449097e-01
2.237483412027359009e-01
2.237529456615447998e-01
2.237576693296432495e-01
2.237620055675506592e-01
2.237660437822341919e-01
2.237695455551147461e-01
2.237719595432281494e-01
2.237735241651535034e-01
2.237741202116012573e-01
2.237740606069564819e-01
2.237732559442520142e-01
2.237723469734191895e-01
2.237713336944580078e-01
2.237701267004013062e-01
2.237695902585983276e-01
2.237693071365356445e-01
2.237691730260848999e-01
2.237693369388580322e-01
2.237695008516311646e-01
2.237696200609207153e-01
2.237691879272460938e-01
2.237684130668640137e-01
2.237674146890640259e-01
2.237655371427536011e-01
2.237630635499954224e-01
2.237597256898880005e-01
2.237557768821716309e-01
2.237508893013000488e-01
2.237451076507568359e-01
2.237384915351867676e-01
2.237315475940704346e-01
2.237242758274078369e-01
2.237168103456497192e-01
2.237097620964050293e-01
2.237032800912857056e-01
2.236975729465484619e-01
2.236929237842559814e-01
2.236889749765396118e-01
2.236862182617187500e-01
2.236838787794113159e-01
2.236814796924591064e-01
2.236789464950561523e-01
2.236755043268203735e-01
2.236714214086532593e-01
2.236664593219757080e-01
2.236605584621429443e-01
2.236541509628295898e-01
2.236473113298416138e-01
2.236405909061431885e-01
2.236342281103134155e-01
2.236287593841552734e-01
2.236239761114120483e-01
2.236201167106628418e-01
2.236173003911972046e-01
2.236151993274688721e-01
2.236139625310897827e-01
2.236134856939315796e-01
2.236137986183166504e-01
2.236146926879882812e-01
2.236159145832061768e-01
2.236175686120986938e-01
2.236191630363464355e-01
2.236205935478210449e-01
2.236214429140090942e-01
2.236217409372329712e-01
2.236212939023971558e-01
2.236202210187911987e-01
2.236185818910598755e-01
2.236169427633285522e-01
2.236155122518539429e-01
2.236147522926330566e-01
2.236154526472091675e-01
2.236171811819076538e-01
2.236202508211135864e-01
2.236251533031463623e-01
2.236313223838806152e-01
2.236388176679611206e-01
2.236477583646774292e-01
2.236568331718444824e-01
2.236664295196533203e-01
2.236763983964920044e-01
2.236862927675247192e-01
2.236955761909484863e-01
2.237039208412170410e-01
2.237115055322647095e-01
2.237180173397064209e-01
2.237234264612197876e-01
2.237282395362854004e-01
2.237322479486465454e-01
2.237360179424285889e-01
2.237393409013748169e-01
2.237426042556762695e-01
2.237453311681747437e-01
2.237479686737060547e-01
2.237505465745925903e-01
2.237525284290313721e-01
2.237538397312164307e-01
2.237547636032104492e-01
2.237546890974044800e-01
2.237542867660522461e-01
2.237521111965179443e-01
2.237493991851806641e-01
2.237448543310165405e-01
2.237392365932464600e-01
2.237323522567749023e-01
2.237246483564376831e-01
2.237164825201034546e-01
2.237082868814468384e-01
2.237007766962051392e-01
2.236943542957305908e-01
2.236896306276321411e-01
2.236866354942321777e-01
2.236857414245605469e-01
2.236864864826202393e-01
2.236886024475097656e-01
2.236917167901992798e-01
2.236957103013992310e-01
2.236996144056320190e-01
2.237033247947692871e-01
2.237066626548767090e-01
2.237093746662139893e-01
2.237107902765274048e-01
2.237108945846557617e-01
2.237098813056945801e-01
2.237068861722946167e-01
2.237027734518051147e-01
2.236972600221633911e-01
2.236907184123992920e-01
2.236837148666381836e-01
2.236762642860412598e-01
2.236692905426025391e-01
2.236626446247100830e-01
2.236563414335250854e-01
2.236516177654266357e-01
2.236475944519042969e-01
2.236445248126983643e-01
2.236422151327133179e-01
2.236406356096267700e-01
2.236397415399551392e-01
2.236398160457611084e-01
2.236397862434387207e-01
2.236398309469223022e-01
2.236391305923461914e-01
2.236378639936447144e-01
2.236357033252716064e-01
2.236320525407791138e-01
2.236278504133224487e-01
2.236230969429016113e-01
2.236180156469345093e-01
2.236138880252838135e-01
2.236103117465972900e-01
2.236081957817077637e-01
2.236075401306152344e-01
2.236079722642898560e-01
2.236094921827316284e-01
2.236115038394927979e-01
2.236140519380569458e-01
2.236165851354598999e-01
2.236192971467971802e-01
2.236222028732299805e-01
2.236262857913970947e-01
2.236310988664627075e-01
2.236375212669372559e-01
2.236454486846923828e-01
2.236551344394683838e-01
2.236665636301040649e-01
2.236789762973785400e-01
2.236920744180679321e-01
2.237050533294677734e-01
2.237177491188049316e-01
2.237297743558883667e-01
2.237403839826583862e-01
2.237498611211776733e-01
2.237579524517059326e-01
2.237646877765655518e-01
2.237707376480102539e-01
2.237758785486221313e-01
2.237805575132369995e-01
2.237842231988906860e-01
2.237872779369354248e-01
2.237893342971801758e-01
2.237907052040100098e-01
2.237913161516189575e-01
2.237927019596099854e-01
2.237957715988159180e-01
2.238008826971054077e-01
2.238088697195053101e-01
2.238196134567260742e-01
2.238316386938095093e-01
2.238435596227645874e-01
2.238523960113525391e-01
2.238562405109405518e-01
2.238547652959823608e-01
2.238491773605346680e-01
2.238453328609466553e-01
2.238536030054092407e-01
