-1.192092896618035525e-08
-8.237555119440798101e-04
-1.356023150917262665e-03
-1.673359055434975318e-03
-1.917332055369480592e-03
-2.071036871511500177e-03
-2.120032261760385062e-03
-2.173253442591283058e-03
-2.043985765257660958e-03
-2.175444201087894935e-03
-2.110958072727930901e-03
-2.282513999295063267e-03
-2.382456569703303439e-03
-2.642272410721624443e-03
-3.183187281123333462e-03
-3.617943115077140726e-03
-4.653328915886129069e-03
-5.911800574783743212e-03
-6.807392535242789977e-03
-8.749883743692066229e-03
-1.053793909491465564e-02
-1.243860238662961026e-02
-1.463126306656215014e-02
-1.680266721577100553e-02
-1.893447975545758943e-02
-2.105642796094353564e-02
-2.289914705429607622e-02
-2.453029737813439137e-02
-2.584328314484485301e-02
-2.668175578483616972e-02
-2.710373285372164043e-02
-2.728251874566950397e-02
-2.674851803928574023e-02
-2.590661693772244867e-02
-2.467413277661167914e-02
-2.247932321814949397e-02
-2.031717128704257913e-02
-1.756876316771982527e-02
-1.433769443686144784e-02
-1.088077689236621737e-02
-7.337473428228380445e-03
-3.463607910745236662e-03
5.297305646360106479e-04
4.413236638113049448e-03
8.057918627866145211e-03
1.164365474577450099e-02
1.487106856654224485e-02
1.756380822745612358e-02
1.989510718920733945e-02
2.121203367686003149e-02
2.204579234919123998e-02
2.193398520860187495e-02
2.084020958336318952e-02
1.891159575079168209e-02
1.585952972300745667e-02
1.159684349626725897e-02
6.289853141956458504e-03
5.198912886375910147e-04
-6.414686893672062740e-03
-1.390899789267281694e-02
-2.217833278724337664e-02
-3.097471162079995510e-02
-3.982491335789406506e-02
-4.904863320140068206e-02
-5.821196549681295629e-02
-6.725936035617666175e-02
-7.598289851753575741e-02
-8.422814977033787898e-02
-9.220251122630002127e-02
-9.927296817875166934e-02
-1.056030166207001797e-01
-1.114706997430142676e-01
-1.162722492620584247e-01
-1.199651866408325551e-01
-1.229530404226579221e-01
-1.250880460760617208e-01
-1.260835506809776518e-01
-1.260234506135750610e-01
-1.251622459193525994e-01
-1.230635567358984717e-01
-1.198587807087868606e-01
-1.158398857727367948e-01
-1.106326350437670802e-01
-1.047431065836925690e-01
-9.770024010704131401e-02
-9.005089503889746050e-02
-8.136149935447456460e-02
-7.209404350660952865e-02
-6.228559863045945999e-02
-5.210041895721329031e-02
-4.134527173466112648e-02
-3.055695576092615218e-02
-1.980598261908539381e-02
-8.986540491077554815e-03
1.437489485780263365e-03
1.165991490719159307e-02
2.110844559791769104e-02
2.980825599173411722e-02
3.764699108714181230e-02
4.478663394794457631e-02
5.044741471696700952e-02
5.525097924072060185e-02
5.870224104687318811e-02
6.100633030999370182e-02
6.215246982068388382e-02
6.189826777405699199e-02
6.080237311685796064e-02
5.886561827614250619e-02
5.590190564061468803e-02
5.234450555687658602e-02
4.844708339786615858e-02
4.431353087339165442e-02
4.014543015894456168e-02
3.647790963630709316e-02
3.337269176934343218e-02
3.108532281685122411e-02
3.009014664725762067e-02
3.049414754534618410e-02
3.228540136253121862e-02
3.545684910380908494e-02
4.060604870834960689e-02
4.782538812305203724e-02
5.682817170027482101e-02
6.786287570619176091e-02
8.035361133538637679e-02
9.438622812848629362e-02
1.101190356908947621e-01
1.267154848957592339e-01
1.440900493810893246e-01
1.619299639636879173e-01
1.796444739149992142e-01
1.970234001764401000e-01
2.136812807113715740e-01
2.290794471795239984e-01
2.430625819432287171e-01
2.547523824189077413e-01
2.644582955625524034e-01
2.715502915462114641e-01
2.756768106339738122e-01
2.769571866566669094e-01
2.747608371925367998e-01
2.696525269333802100e-01
2.611498756911694308e-01
2.497795214622262894e-01
2.351282057330305597e-01
2.176441193834909305e-01
1.978404435693602026e-01
1.756435189540276609e-01
1.515453536304773863e-01
1.258886326381685461e-01
9.916362674912190811e-02
7.187772146619617053e-02
4.382987200323665289e-02
1.597979694468637524e-02
-1.114926854800807332e-02
-3.784003767933361018e-02
-6.334012427144841695e-02
-8.788941111728815203e-02
-1.105134111005267317e-01
-1.317591631298904442e-01
-1.511567806409140902e-01
-1.686884281492499471e-01
-1.842301566754537268e-01
-1.981389787005483905e-01
-2.099812539308727188e-01
-2.204793825226384618e-01
-2.290673943456223716e-01
-2.361063614003555133e-01
-2.419135009746506970e-01
-2.470538278282040090e-01
-2.506517147641129650e-01
-2.537868982275585106e-01
-2.558067610875879305e-01
-2.573901040247540961e-01
-2.587705624309017960e-01
-2.596146993756800470e-01
-2.602591435132989295e-01
-2.607219833754664262e-01
-2.610352891399163044e-01
-2.608689239981299979e-01
-2.609638933479109801e-01
-2.603892408755859589e-01
-2.597065905635388972e-01
-2.584292741225409085e-01
-2.568280045415198831e-01
-2.542687542650445276e-01
-2.511250686792410036e-01
-2.468655055852557734e-01
-2.417280275925954292e-01
-2.352731820322332412e-01
-2.273408026587859787e-01
-2.177909152739690435e-01
-2.069344479941308546e-01
-1.946857864368661262e-01
-1.802290742836404336e-01
-1.642063943524912639e-01
-1.467307013537360316e-01
-1.274232511784680888e-01
-1.064783213107034776e-01
-8.393994493017437053e-02
-5.989539265264764989e-02
-3.411875759999244417e-02
-7.411064253018906367e-03
2.119833455425346180e-02
5.087444483136016604e-02
8.160789586800565321e-02
1.131746345197131298e-01
1.456457623109422561e-01
1.786308061201419273e-01
2.119483872716042827e-01
2.454290191800080623e-01
2.789359509190056374e-01
3.118963912336560895e-01
3.441333143449750165e-01
3.754775692370469486e-01
4.053127993787905559e-01
4.338294126036135179e-01
4.601096973920356104e-01
4.843036117853650180e-01
5.061479107363152652e-01
5.250953291946441892e-01
5.408076461488078301e-01
5.535591362547044314e-01
5.627331177922229033e-01
5.685613170813077488e-01
5.700750942220313977e-01
5.679348180973740057e-01
5.624686708068714625e-01
5.528000693274668365e-01
5.394853439759957903e-01
5.223033383121240547e-01
5.016878894800542721e-01
4.780925612136479042e-01
4.510194385899940483e-01
4.212782523206489715e-01
3.894851955466598348e-01
3.552223486312772183e-01
3.194250514435698074e-01
2.823847646128367916e-01
2.445525895186256016e-01
2.059463223012788224e-01
1.679742779066207559e-01
1.298765187520941611e-01
9.213822703373036882e-02
5.593715721134343011e-02
2.060856043151171324e-02
-1.357510855219318247e-02
-4.602400201268788682e-02
-7.694659965770705989e-02
-1.063910861119780060e-01
-1.341077389525493213e-01
-1.603037455174749770e-01
-1.850601605728148802e-01
-2.083678040116565822e-01
-2.304108490504114537e-01
-2.514399972851040777e-01
-2.718493463748046235e-01
-2.913777896847930537e-01
-3.105595401162395408e-01
-3.292221524123377097e-01
-3.476967968292702937e-01
-3.659577978798830289e-01
-3.844713299878565471e-01
-4.032657081684064559e-01
-4.219690149178614291e-01
-4.406761563369535617e-01
-4.592020455471092499e-01
-4.779632290352424651e-01
-4.961062195615669745e-01
-5.140268668683271036e-01
-5.305693250348439971e-01
-5.461579245837928642e-01
-5.602582781611240570e-01
-5.722155829377304492e-01
-5.822180934171428124e-01
-5.892419040743925862e-01
-5.934538173584937848e-01
-5.942266189076401695e-01
-5.916777247221602920e-01
-5.849263205108584662e-01
-5.741449127751458992e-01
-5.592067709758148375e-01
-5.400436528258978353e-01
-5.163070293959239887e-01
-4.887157665721980071e-01
-4.570284835578415916e-01
-4.210194861654176224e-01
-3.815851914006645473e-01
-3.383940290765655168e-01
-2.922186089245078500e-01
-2.432999517297261827e-01
-1.917978860103128347e-01
-1.382402217109552356e-01
-8.299319930546117385e-02
-2.677915478664794069e-02
3.031182232247842112e-02
8.767182197501957597e-02
1.449125621148966425e-01
2.012673158724964106e-01
2.567524852187050843e-01
3.107672699550114714e-01
3.631478786351127752e-01
4.130346025752287820e-01
4.602286434171996010e-01
5.043906671609901249e-01
5.455059169259952601e-01
5.830618749833024195e-01
6.168170182113362765e-01
6.465773547478498307e-01
6.724790762883321449e-01
6.942603357830060551e-01
7.116714025124774023e-01
7.251383918364371350e-01
7.341606304916858949e-01
7.391112857149939597e-01
7.399082532820214775e-01
7.366198735921659635e-01
7.298152992335578126e-01
7.189881391093149166e-01
7.046012428895670476e-01
6.869101886029217452e-01
6.660937560379975864e-01
6.420914282193727063e-01
6.155466246737394398e-01
5.862552250645357566e-01
5.547486599674881225e-01
5.211491049789230834e-01
4.859482827151365147e-01
4.487159995961382264e-01
4.104643920801306911e-01
3.709845695043597069e-01
3.306878103997244467e-01
2.897638968980714713e-01
2.480161625525995617e-01
2.061107213577131891e-01
1.639702152780176392e-01
1.215839468141171609e-01
7.921922073320575297e-02
3.687686234347425929e-02
-5.554415762957176650e-03
-4.761582468946934377e-02
-8.968010493736183752e-02
-1.316260641240565021e-01
-1.735940232359175495e-01
-2.156288396002052632e-01
-2.573299421480373383e-01
-2.989179949379313084e-01
-3.403023143949287510e-01
-3.815592439907975475e-01
-4.222208560260179988e-01
-4.622450346474605287e-01
-5.018063013952568374e-01
-5.402652501100635440e-01
-5.778251056342265102e-01
-6.137236746645597929e-01
-6.478386066161689882e-01
-6.801435846472072555e-01
-7.099968827238504199e-01
-7.373056841027827435e-01
-7.616323112502529913e-01
-7.827975792910875086e-01
-7.999643644859475433e-01
-8.133394503298096989e-01
-8.226468750458051371e-01
-8.272986613195085770e-01
-8.273414450532204922e-01
-8.228301346628086321e-01
-8.130478031407182282e-01
-7.987343431133115956e-01
-7.788581967292941277e-01
-7.543037017580436210e-01
-7.250055380732698396e-01
-6.906732668640798156e-01
-6.518868560138385559e-01
-6.087779582457739647e-01
-5.615743545748622667e-01
-5.109187767612479725e-01
-4.570295625507915238e-01
-4.004331762387947635e-01
-3.415123634682101228e-01
-2.809232246042883130e-01
-2.185399608954453621e-01
-1.557208874933817544e-01
-9.280477180176405216e-02
-2.982108917660475367e-02
3.256034709613145339e-02
9.383001040054916864e-02
1.535335903059774076e-01
2.113792001098248330e-01
2.670417030629633759e-01
3.199796901921747594e-01
3.701872885206549113e-01
4.173900728018279938e-01
4.613493540798104808e-01
5.016061475048887441e-01
5.386462776626993465e-01
5.720161235861799254e-01
6.016142149426696450e-01
6.276685044267718006e-01
6.499894569093516150e-01
6.686218315585430449e-01
6.838008488960412024e-01
6.953826751294056585e-01
7.036590962846276387e-01
7.087558332075899470e-01
7.106257080663065384e-01
7.094746593135983215e-01
7.050718364738326471e-01
6.984491095306744057e-01
6.891246019388941324e-01
6.768507154636769219e-01
6.623805888405638331e-01
6.456607206585188719e-01
6.266830483013570152e-01
6.054113889315986263e-01
5.822509965221495110e-01
5.573389422067989152e-01
5.303774248897590304e-01
5.014753439327682694e-01
4.712084390644727394e-01
4.392412289131380487e-01
4.057870008369412473e-01
3.708230836371431138e-01
3.345840646878135427e-01
2.971453445948469829e-01
2.582679185950499390e-01
2.181682028640767879e-01
1.768801856656715965e-01
1.346629985889097325e-01
9.139178014350857193e-02
4.695191662499748064e-02
1.311309549459377388e-03
-4.475584586095013306e-02
-9.202856902171435705e-02
-1.398770517742605191e-01
-1.884952453368064218e-01
-2.370469226958188402e-01
-2.861812858517905900e-01
-3.350879705042351109e-01
-3.839413288910045741e-01
-4.321907662757251134e-01
-4.793728403612594891e-01
-5.254754586855598930e-01
-5.698214461822932453e-01
-6.121326037999484937e-01
-6.517581849275606576e-01
-6.887308410033134987e-01
-7.219817609173186934e-01
-7.518069006920156117e-01
-7.772865858875005474e-01
-7.981014783531912293e-01
-8.139676828552830923e-01
-8.246262206124520544e-01
-8.295858222094814050e-01
-8.290705728789438123e-01
-8.220797805705482020e-01
-8.096977406721040937e-01
-7.910712079984933975e-01
-7.662391032392956713e-01
-7.358224375123634253e-01
-6.992064086607354678e-01
-6.578336096965273772e-01
-6.109723401823625721e-01
-5.594643710968578709e-01
-5.036843053847257501e-01
-4.443075379577074990e-01
-3.816372586941256251e-01
-3.166707843260210264e-01
-2.497248825455339605e-01
-1.819132956651824951e-01
-1.133250591769003612e-01
-4.502293012304238451e-02
2.231433216553596610e-02
8.809464421763436859e-02
1.516923426836817024e-01
2.127345140559496472e-01
2.705190178091328446e-01
3.249221514640700526e-01
3.752487659577979362e-01
4.216498071110831303e-01
4.635665001819690434e-01
5.013888859816203469e-01
5.345012425193658157e-01
5.637119002063104567e-01
5.883454272832474574e-01
6.090255879439343545e-01
6.256932755141180191e-01
6.387392720355915543e-01
6.483776463695929415e-01
6.541632573809923468e-01
6.576818660387730997e-01
6.582665351803124176e-01
6.560937014442339565e-01
6.516980382529189431e-01
6.450585629651716113e-01
6.370105088090498580e-01
6.264444313669736975e-01
6.148152744798002223e-01
6.011529467577061414e-01
5.862115887861554242e-01
