-5.960464483090177623e-09
2.162562115696153864e-03
4.354524106593427035e-03
6.569546060494368955e-03
8.868721906260035315e-03
1.113376599973725511e-02
1.348183886348672256e-02
1.570160134591652712e-02
1.779219303128262708e-02
1.985999187551065748e-02
2.173206621337717137e-02
2.333192261198849260e-02
2.475737990727261417e-02
2.582310075903940239e-02
2.653366983059116113e-02
2.688573502543700755e-02
2.707767124972959571e-02
2.674957116363549381e-02
2.576367324913242385e-02
2.482223461304555734e-02
2.306827378611774060e-02
2.118495309839286966e-02
1.882647745323823285e-02
1.621477182026562214e-02
1.324626952394427487e-02
9.864818415363449389e-03
6.053112296660317221e-03
1.942990017649501994e-03
-2.333931346007594998e-03
-6.957437198063283132e-03
-1.162525244926856591e-02
-1.678606232796005238e-02
-2.232201369381959025e-02
-2.782954164517748713e-02
-3.374533159939094307e-02
-3.990906309184337475e-02
-4.603117424837760430e-02
-5.234183099649326182e-02
-5.895235132478624657e-02
-6.535158058970630401e-02
-7.176970054588721615e-02
-7.799829938147845310e-02
-8.412323225691836770e-02
-9.003782469107614317e-02
-9.551131673096292796e-02
-1.005573740860926657e-01
-1.052825043406331040e-01
-1.093724960371469657e-01
-1.130644811799755151e-01
-1.160865646456186173e-01
-1.177182435620646450e-01
-1.191461813168042394e-01
-1.192416599204712269e-01
-1.187063582549772456e-01
-1.172245240840777136e-01
-1.144571981930726512e-01
-1.108851794530947288e-01
-1.059448587189464053e-01
-1.002933232897580407e-01
-9.340990329100473666e-02
-8.561760428346851248e-02
-7.650650711825249251e-02
-6.696177497448041471e-02
-5.639000723354992139e-02
-4.482852643324111708e-02
-3.281416749424556634e-02
-2.023838798719393428e-02
-7.042857615614850353e-03
6.686832485207905297e-03
2.034935354143288522e-02
3.431162174672494625e-02
4.817530398050186291e-02
6.213078071406889780e-02
7.582667763720010723e-02
8.921817478067808893e-02
1.020318096523586959e-01
1.145920866768810747e-01
1.263063827108804882e-01
1.372645579020320972e-01
1.478149689174932391e-01
1.573520346147203597e-01
1.664105518072437062e-01
1.745696199680146776e-01
1.822685638354208659e-01
1.890073688038024224e-01
1.953321543059388654e-01
2.009887025872602040e-01
2.061623493083865055e-01
2.106685041048284024e-01
2.148566691563023046e-01
2.184125605508259182e-01
2.216327616187747651e-01
2.246158160647090951e-01
2.269145561434046665e-01
2.291435588829321413e-01
2.309014121448497159e-01
2.325718128109726113e-01
2.334986170805617434e-01
2.341871813954786719e-01
2.341199280315572340e-01
2.337773215296363727e-01
2.328007255850316759e-01
2.311802844909531252e-01
2.289954952215861317e-01
2.255316768089083712e-01
2.214777857631647917e-01
2.164041051768259283e-01
2.099903653503495948e-01
2.024296440934817420e-01
1.936679003042776348e-01
1.833577692371355095e-01
1.714772177556941057e-01
1.582282211205586486e-01
1.436245749667331983e-01
1.269936852886277556e-01
1.087967362177634373e-01
8.908484223935453361e-02
6.795570105072892830e-02
4.489417554764255081e-02
2.013948996276473946e-02
-5.859059830209248365e-03
-3.333836287147497190e-02
-6.197121738920960410e-02
-9.161623570688670615e-02
-1.219482113757926478e-01
-1.531015006583289761e-01
-1.844440289697199531e-01
-2.161284722303664640e-01
-2.474030424721062882e-01
-2.780888778847656617e-01
-3.079322718149453131e-01
-3.363676900154745630e-01
-3.632850748335580415e-01
-3.880772318430201762e-01
-4.103764896328542244e-01
-4.301917886537434677e-01
-4.465979788975877329e-01
-4.599113120491453710e-01
-4.691998392121508044e-01
-4.745658793273788700e-01
-4.756420214263600288e-01
-4.724713464543240926e-01
-4.645029125212090104e-01
-4.521371510767609458e-01
-4.351991365763335784e-01
-4.141547891489353317e-01
-3.883551704162414575e-01
-3.587167508637489344e-01
-3.251835804934992136e-01
-2.882148445508927459e-01
-2.482489820594681595e-01
-2.054346865491156193e-01
-1.608042174999376739e-01
-1.143597517920040274e-01
-6.663537022897381146e-02
-1.868998260909569831e-02
2.897380774594514319e-02
7.603207823827877465e-02
1.217673089117665697e-01
1.656841380881629022e-01
2.069394858974717699e-01
2.457382092852099520e-01
2.812565595925755613e-01
3.130838608850692872e-01
3.411528278122598068e-01
3.649768476869916789e-01
3.846037888931279070e-01
3.999108598078156551e-01
4.110911489553317755e-01
4.182923718648442479e-01
4.217521611894464173e-01
4.212948388324487814e-01
4.172732408905733825e-01
4.102887737657904266e-01
4.008930669183321527e-01
3.891587635633370623e-01
3.755889291596416490e-01
3.607543288387763947e-01
3.449009597356657020e-01
3.284749291842316565e-01
3.115096340100263483e-01
2.950525314335318283e-01
2.790692696124954519e-01
2.633774220962101786e-01
2.490681862531421986e-01
2.360484134003458245e-01
2.238879823574914663e-01
2.131682641557636204e-01
2.039763349694758143e-01
1.961018161465734599e-01
1.895814654440950431e-01
1.841988048711036274e-01
1.802848871460724367e-01
1.770081639189904077e-01
1.743896790359995286e-01
1.721184095423988758e-01
1.693199491604303608e-01
1.668015756933142191e-01
1.634941962298968321e-01
1.594888758825919739e-01
1.538963450076286099e-01
1.467637525220858719e-01
1.377807074699017864e-01
1.267906366464198742e-01
1.135024499384072877e-01
9.748468077174984869e-02
7.925961118365956737e-02
5.836429261136102942e-02
3.472469201552294549e-02
8.633860937642762190e-03
-1.988229476060193734e-02
-5.043859748219617356e-02
-8.330757346798628449e-02
-1.177032778777899746e-01
-1.535517442627717943e-01
-1.904458342994459208e-01
-2.277619109415418008e-01
-2.653745008682614204e-01
-3.026689787989251812e-01
-3.393409660458928667e-01
-3.745649269952269766e-01
-4.085608038439257905e-01
-4.401269945288810992e-01
-4.693506740518225695e-01
-4.954146755286924497e-01
-5.180713610012162018e-01
-5.369454444355779010e-01
-5.521374353966443937e-01
-5.624617714465738327e-01
-5.684639215430680181e-01
-5.696457015004143809e-01
-5.655452891867360776e-01
-5.567554958755509542e-01
-5.428841221885714052e-01
-5.237012966138745451e-01
-5.000908402844660428e-01
-4.719052582081963432e-01
-4.390104023071947914e-01
-4.023420915444342327e-01
-3.622875440555526350e-01
-3.188239549893918112e-01
-2.728641316998239308e-01
-2.247466261555161604e-01
-1.752030791886660388e-01
-1.247794935629928936e-01
-7.386684752192407277e-02
-2.364202013061124374e-02
2.585360839588182746e-02
7.365355514660507086e-02
1.192915568744344068e-01
1.624765827085394854e-01
2.023393974649709270e-01
2.385539670350663721e-01
2.706494871839131289e-01
2.986363509563539353e-01
3.219515902318466072e-01
3.405469032000726370e-01
3.545151957336240556e-01
3.634426712982245511e-01
3.682544214877269129e-01
3.683324154723386923e-01
3.644861330629010632e-01
3.569650886746902341e-01
3.459203767242672867e-01
3.318562150044124803e-01
3.153656854413776078e-01
2.970429131791585964e-01
2.776852703711095161e-01
2.570645221671551406e-01
2.362483177468132634e-01
2.155381196025453194e-01
1.955655161112714868e-01
1.767225768552678766e-01
1.591674871506422173e-01
1.430161249562232895e-01
1.290728575358012220e-01
1.171980457365780770e-01
1.075390704745717019e-01
1.000185936509872253e-01
9.487635318134463036e-02
9.174610449071651797e-02
9.036934103752619629e-02
9.030223100227766087e-02
9.199905805237734713e-02
9.426222051898411336e-02
9.745950861259999876e-02
1.003512397464175893e-01
1.028513321557077975e-01
1.047475331030642554e-01
1.052454080816644100e-01
1.040704827253887826e-01
1.007970234433890055e-01
9.528043724798114511e-02
8.702412425346103819e-02
7.608044346782663614e-02
6.226407934267644273e-02
4.545343275864680010e-02
2.567660624314541118e-02
3.133673505836126472e-03
-2.214733789481948545e-02
-4.930180017870208764e-02
-7.865138022903234161e-02
-1.097805262023844874e-01
-1.419336574774978654e-01
-1.749158985605209216e-01
-2.080378289433125194e-01
-2.411385466531419941e-01
-2.731952668492695357e-01
-3.037852612964829224e-01
-3.326550905321998264e-01
-3.589442825885241772e-01
-3.825682749133768601e-01
-4.027805321073040234e-01
-4.188489310564873502e-01
-4.309542069392603425e-01
-4.386885858306144859e-01
-4.410566865954455573e-01
-4.388375828021366387e-01
-4.315292119612457178e-01
-4.194505447945744425e-01
-4.017763817086263400e-01
-3.794670280537615348e-01
-3.524276879155593400e-01
-3.213494184208524063e-01
-2.861963892762451334e-01
-2.473049244444743278e-01
-2.058874277607341541e-01
-1.620354962907437635e-01
-1.162638930278361293e-01
-6.967337832044426249e-02
-2.275590182173004711e-02
2.403836743157073200e-02
6.985634579855615200e-02
1.141834833297718232e-01
1.557227006446293971e-01
1.948203446822975859e-01
2.305646252063541790e-01
2.624790597923284396e-01
2.896349936442202400e-01
3.124911786200919028e-01
3.306339052211241247e-01
3.434105095191403167e-01
3.512690932335693628e-01
3.540788980753833970e-01
3.515179391460692693e-01
3.442339406946432478e-01
3.323704802588841600e-01
3.162285158641691130e-01
2.957600277994015814e-01
2.722201338112634206e-01
2.453053007499935712e-01
2.163433968220313530e-01
1.856350033523012089e-01
1.531478123036161265e-01
1.202781345944906599e-01
8.721387627907808970e-02
5.506499754983124051e-02
2.378771396083097234e-02
-5.722537215156808799e-03
-3.293216789052613030e-02
-5.796029872879314426e-02
-7.973301652589348532e-02
-9.862939888075755723e-02
-1.139938072656790369e-01
-1.260463068179489554e-01
-1.343845985645332475e-01
-1.393518571935335737e-01
-1.409441697029865659e-01
-1.395463471609323380e-01
-1.349434837487472338e-01
-1.281889400165967530e-01
-1.190753073882450247e-01
-1.080763100458466131e-01
-9.570801434967779464e-02
-8.216637494893883065e-02
-6.829408115868480789e-02
-5.441269778180796851e-02
-4.103136171263513376e-02
-2.841147216126121283e-02
-1.712364330275385760e-02
-7.297480623956673074e-03
2.387890836123354732e-04
5.688584267552962426e-03
8.884684369449585839e-03
9.378995139331602893e-03
7.264519070083921837e-03
2.601360996890733635e-03
-4.818165719740225006e-03
-1.435423738625116186e-02
-2.632428900809966055e-02
-3.996582277774196612e-02
-5.532179527228497928e-02
-7.192364074381454864e-02
-8.928302012447258962e-02
-1.068157929264484662e-01
-1.241860968201832227e-01
-1.413335673980073981e-01
-1.571425074776163500e-01
-1.713913400991275149e-01
-1.838159140166248373e-01
-1.936803589536195136e-01
-2.007216631487572234e-01
-2.048852157952548159e-01
-2.054856248553362241e-01
-2.026197771903704425e-01
-1.957875751711973256e-01
-1.851439072324957413e-01
-1.707199441410041096e-01
-1.530366973587555246e-01
-1.309352505081693707e-01
-1.057491637055687911e-01
-7.749616376995428768e-02
-4.617247266826508822e-02
-1.235170691143798460e-02
2.342097184262845189e-02
6.091695735003666012e-02
9.967638461914560266e-02
1.389925742302014211e-01
1.784041845678974447e-01
2.172732154006348781e-01
2.549444028576480226e-01
2.912087751395679436e-01
3.253580597549587949e-01
3.569687200446907127e-01
3.857380420158218470e-01
4.109243770141547403e-01
4.321848018586949003e-01
4.494162909989670718e-01
4.623306649822256365e-01
4.706204496156080608e-01
4.741405211934440755e-01
4.729776234203051932e-01
4.670165384870231251e-01
4.560480884337541063e-01
4.406447487829202037e-01
4.210006025792384921e-01
3.972133399758450145e-01
3.693684834480573387e-01
3.381573934404111248e-01
3.038267873562571220e-01
2.670725072976648518e-01
2.280814123858652953e-01
1.874756183513902608e-01
1.455561558228109509e-01
1.031203187185953246e-01
6.040766544127296189e-02
1.783926093692084214e-02
-2.356418805951467771e-02
-6.401773118413559005e-02
-1.029995340460412578e-01
-1.398229875911956577e-01
-1.751050052218986741e-01
-2.073172116278805543e-01
-2.370589068394954868e-01
-2.643300821412998269e-01
-2.887786433286527732e-01
-3.101718189181521534e-01
-3.289894828042197461e-01
-3.448413884992188594e-01
-3.581277963234137385e-01
-3.685216027547880691e-01
-3.766521598432984730e-01
-3.827300984441530107e-01
-3.862627733341902347e-01
-3.880290178914207466e-01
-3.879973440953730091e-01
-3.863485693939737731e-01
-3.827181166327434103e-01
-3.778844049654023762e-01
-3.717726618855499710e-01
-3.645399501900241090e-01
-3.562808078167204462e-01
-3.469817581777475124e-01
-3.363607979081382204e-01
-3.251110455748086880e-01
-3.129587006863910337e-01
-2.997042182493326878e-01
-2.854224442796989281e-01
-2.703542530898833118e-01
-2.541015785010443118e-01
-2.367664350531803463e-01
-2.179685138175842529e-01
-1.981310729201068987e-01
-1.768907425788034948e-01
-1.539831566792282391e-01
-1.300913975525671007e-01
-1.043986866124608504e-01
-7.742831354461243709e-02
-4.912007757897163263e-02
-1.923971076677397085e-02
1.102801443912126977e-02
4.253584457404004093e-02
7.502912603092488919e-02
1.079314179711984567e-01
1.414022259352464839e-01
1.747304386928969500e-01
2.083299813601933170e-01
2.412345126530942574e-01
2.739350084819207054e-01
3.056592331661250883e-01
