-1.192092896618035525e-08
-1.123598890215238288e-03
-2.463835333312569542e-03
-3.912978023466351374e-03
-5.317654323719389620e-03
-6.778060607233238333e-03
-8.058997607801876573e-03
-9.310943605659260935e-03
-1.037263561593149142e-02
-1.124600185369284411e-02
-1.193665606536309376e-02
-1.264555322073157573e-02
-1.299729395267207321e-02
-1.336269058421990508e-02
-1.354505630075969469e-02
-1.383000002443557364e-02
-1.387007018589897500e-02
-1.409948513405984150e-02
-1.419677463953133989e-02
-1.436803224195387640e-02
-1.477596389836149937e-02
-1.529805812972734325e-02
-1.593395217569348876e-02
-1.689575094084011520e-02
-1.781769995718163191e-02
-1.907746423112749445e-02
-2.049107091709828632e-02
-2.215974592086739081e-02
-2.389674441360623014e-02
-2.562858014094193670e-02
-2.746120109678670818e-02
-2.945250458342243971e-02
-3.133501232301003081e-02
-3.321198667855590481e-02
-3.507645529413171842e-02
-3.682032661903279075e-02
-3.824295170060639654e-02
-3.974083001263628567e-02
-4.098746196308192258e-02
-4.194917302358347477e-02
-4.286258999529823921e-02
-4.339089350668684508e-02
-4.372758162753875855e-02
-4.370987449218366461e-02
-4.340722445366967941e-02
-4.296294076698570219e-02
-4.215444104651683288e-02
-4.113032106010366951e-02
-3.982920702311670835e-02
-3.809116372725895872e-02
-3.629942413310971450e-02
-3.448321646956403752e-02
-3.250174559066254520e-02
-3.080265679589577754e-02
-2.910314410578296318e-02
-2.745927201565023790e-02
-2.648793496887136278e-02
-2.547683999594652082e-02
-2.519648901755389137e-02
-2.538643820726727007e-02
-2.652696064519777241e-02
-2.802818589858008247e-02
-3.031335546172314599e-02
-3.335170648082685929e-02
-3.707962556091481954e-02
-4.143705449166873445e-02
-4.663689745250426677e-02
-5.251634082367701017e-02
-5.885560489007224394e-02
-6.601077668070770565e-02
-7.357282539400089583e-02
-8.164260828922398350e-02
-9.020527145917384138e-02
-9.907310277035963342e-02
-1.082714446750520643e-01
-1.177128958458519836e-01
-1.272068787503432552e-01
-1.369288175392121554e-01
-1.466739702134770840e-01
-1.561999812923798581e-01
-1.657716716555008019e-01
-1.751091216981807697e-01
-1.840687070297791217e-01
-1.925506604280456391e-01
-2.008468814134700686e-01
-2.083246088296327736e-01
-2.153465490243635649e-01
-2.216197024314831288e-01
-2.271168925365739943e-01
-2.320602140253036350e-01
-2.359474868911527468e-01
-2.390570277263835419e-01
-2.415212172797072121e-01
-2.429378356237879288e-01
-2.434416531032412845e-01
-2.433740948277669236e-01
-2.424182453371803991e-01
-2.407488169619502183e-01
-2.384074434086264627e-01
-2.356818997289631956e-01
-2.322160736873392084e-01
-2.285524787160258531e-01
-2.243827738092871726e-01
-2.199931236906071397e-01
-2.154496782074029060e-01
-2.109309282889905712e-01
-2.061478818190848328e-01
-2.017662261331915619e-01
-1.973370833477445241e-01
-1.932605823946697554e-01
-1.893614727092280403e-01
-1.858461918802544188e-01
-1.825204902134768825e-01
-1.794189069672397774e-01
-1.767517505116400489e-01
-1.741787286789745481e-01
-1.717751293009879832e-01
-1.692906787792602952e-01
-1.670857916399408616e-01
-1.646304037068424542e-01
-1.618209172883232072e-01
-1.585643608561931317e-01
-1.546366474470816377e-01
-1.501024385935417760e-01
-1.444597564730160655e-01
-1.381879166617172028e-01
-1.305168168504084458e-01
-1.216135418717157191e-01
-1.115598675538441720e-01
-1.000869995825208747e-01
-8.721500417808672467e-02
-7.285501243394110205e-02
-5.743462238503610484e-02
-4.062407340687657076e-02
-2.298219796974604323e-02
-4.260040341300785904e-03
1.526550023629480446e-02
3.548219963623250317e-02
5.572205640255528669e-02
7.662611082117343209e-02
9.725981882683126800e-02
1.176477993983968129e-01
1.374129501027422928e-01
1.567130453130023970e-01
1.752516979796595598e-01
1.923573741795486791e-01
2.081244926996595468e-01
2.225566281237115196e-01
2.350834982098848891e-01
2.457502479826362274e-01
2.544328125286507980e-01
2.612146705700378879e-01
2.656704982597295484e-01
2.680727892322522510e-01
2.683791718468836462e-01
2.664933368856483575e-01
2.625783624145088258e-01
2.567604991255647007e-01
2.491924999146512554e-01
2.400259160340466047e-01
2.293849001661473486e-01
2.173212259886556641e-01
2.039792606550415721e-01
1.896351116401092107e-01
1.743247740810381918e-01
1.581469520772554871e-01
1.414071080358686727e-01
1.238620097519206875e-01
1.057510448051985630e-01
8.735295298165748901e-02
6.854737218998968595e-02
4.946237413917280168e-02
2.989393488628930284e-02
1.023690650450588546e-02
-9.468814048595314281e-03
-2.928438446431266828e-02
-4.925017486631069752e-02
-6.914876116869404787e-02
-8.898639644755002021e-02
-1.089524986849586818e-01
-1.288409310124776497e-01
-1.485616294141338667e-01
-1.680706058437825279e-01
-1.875658566335851041e-01
-2.069660942774551593e-01
-2.261670146261371139e-01
-2.453059937692657344e-01
-2.642454114989453151e-01
-2.826358370008306142e-01
-3.007918592063668628e-01
-3.184913489736548309e-01
-3.355287665351640580e-01
-3.515372334724266579e-01
-3.669758684165673746e-01
-3.813142635808641767e-01
-3.943913301701293395e-01
-4.062162457471596433e-01
-4.164363635529685914e-01
-4.252451820913796809e-01
-4.322819539745952344e-01
-4.375915229162402609e-01
-4.408813600458624804e-01
-4.422786588718097822e-01
-4.414847305840038927e-01
-4.386664950755284620e-01
-4.338931772111281338e-01
-4.262328363688344668e-01
-4.165048427279906540e-01
-4.044440774526569249e-01
-3.898712300880479709e-01
-3.727048545704943483e-01
-3.530266298138355907e-01
-3.308513294756206813e-01
-3.061600178526232563e-01
-2.790086111757063558e-01
-2.492160143014148510e-01
-2.172996019499771891e-01
-1.835483719820805992e-01
-1.477183493136056680e-01
-1.098753880721075327e-01
-7.083991249049170769e-02
-3.055234357371430787e-02
1.072413760868992649e-02
5.271158976151635311e-02
9.542413023305088005e-02
1.381296084939157010e-01
1.810552533914356332e-01
2.235345013599326081e-01
2.655425954191925619e-01
3.067222225894769561e-01
3.468926562164348915e-01
3.855259747942396675e-01
4.223002028104965166e-01
4.577292156341957186e-01
4.907587866602267646e-01
5.216428754484838670e-01
5.498416742755439790e-01
5.754300195708358379e-01
5.981220855433090344e-01
6.180792336361214945e-01
6.350920188994804150e-01
6.490237687672945066e-01
6.600124822993528317e-01
6.681904620254692784e-01
6.736834668331850295e-01
6.764832740740103212e-01
6.766656939759156941e-01
6.742943068826414699e-01
6.695733357720592416e-01
6.625759735586701504e-01
6.535533686871081160e-01
6.424677544664263440e-01
6.294184441677983521e-01
6.145389119966044866e-01
5.980810189941585531e-01
5.795638783859593524e-01
5.598946496818461016e-01
5.384783159163477606e-01
5.153814242758084641e-01
4.910869452935871515e-01
4.654057127715942044e-01
4.382641155547236100e-01
4.096056240726609343e-01
3.798269550427558761e-01
3.484383590087267168e-01
3.155759602021220300e-01
2.815174751982051360e-01
2.460576897245269623e-01
2.090676813633426390e-01
1.708501268406094065e-01
1.314568493971812746e-01
9.065394428748724254e-02
4.895500386466300480e-02
6.179367540019520266e-03
-3.768962054853203236e-02
-8.227072787374573037e-02
-1.269690327430285093e-01
-1.720343987683231046e-01
-2.170265461211138835e-01
-2.615698026412145438e-01
-3.054591226652145775e-01
-3.484806621838715812e-01
-3.902761191028645271e-01
-4.301507153950354101e-01
-4.682216115811055346e-01
-5.039255505587053596e-01
-5.370662942364996528e-01
-5.674642028894452128e-01
-5.945452322239899168e-01
-6.184353532225937977e-01
-6.387061209352149493e-01
-6.550243848506310806e-01
-6.673846567306361832e-01
-6.757682491522496449e-01
-6.797589529110079631e-01
-6.796773874330559462e-01
-6.753054757897246629e-01
-6.665345456224636145e-01
-6.534754627774679303e-01
-6.361934681817362769e-01
-6.147881764824286721e-01
-5.893800650314652279e-01
-5.600626462204139067e-01
-5.272117167405359073e-01
-4.907522083013205472e-01
-4.512356075810111666e-01
-4.086098569812895986e-01
-3.632913715870519922e-01
-3.155607738191865130e-01
-2.657458909624367260e-01
-2.139518082393279119e-01
-1.610240413893778144e-01
-1.067232386921878884e-01
-5.154036218655427826e-02
4.102015757220883740e-03
6.002372717534748547e-02
1.155747965100168417e-01
1.712727711422020738e-01
2.259174833683800787e-01
2.795595938089456278e-01
3.320784484460343466e-01
3.832206479493689422e-01
4.325335850831165119e-01
4.798293211378457657e-01
5.252282659587936831e-01
5.681468694206360803e-01
6.086316768109227837e-01
6.466860434454499984e-01
6.818665299775514832e-01
7.143603851827323714e-01
7.435556679079788900e-01
7.701759321143697434e-01
7.936432827787074373e-01
8.139287776191557189e-01
8.307857073881652621e-01
8.446958961006539868e-01
8.556369338982543482e-01
8.632335992221917831e-01
8.673870312741058797e-01
8.686754626581649763e-01
8.664295247687507917e-01
8.614314668640730144e-01
8.529598241650366841e-01
8.412964206548028123e-01
8.267084204023459337e-01
8.087285355001874176e-01
7.876368012025389831e-01
7.634617830839136587e-01
7.358733314757052169e-01
7.056140762008838996e-01
6.721409237787385749e-01
6.355945787257482049e-01
5.960445615047085255e-01
5.537523275252407284e-01
5.085937345199387227e-01
4.607887368451276111e-01
4.105329714244413397e-01
3.578737046071333583e-01
3.030211473215529971e-01
2.462998824198616710e-01
1.878029745375596193e-01
1.279457541534353981e-01
6.696640933113551242e-02
4.977861456588572597e-03
-5.724112411863241379e-02
-1.196916919223377784e-01
-1.819565673399078098e-01
-2.439491456624542365e-01
-3.047654497626167691e-01
-3.643971104040475972e-01
-4.222182072840010569e-01
-4.785567753017788695e-01
-5.321086106098555923e-01
-5.829326124537524967e-01
-6.307009427743275332e-01
-6.749033805167845568e-01
-7.155188393535591995e-01
-7.521614775067635428e-01
-7.846330595657355911e-01
-8.127626753336912868e-01
-8.360649928069876502e-01
-8.551637092488415526e-01
-8.691767207060620004e-01
-8.783422716082547321e-01
-8.830107242023114145e-01
-8.828180764802044944e-01
-8.778041549734308946e-01
-8.684546982537647564e-01
-8.544233833920087395e-01
-8.365434602751072868e-01
-8.142553493332606029e-01
-7.882698843706621439e-01
-7.584592842288619963e-01
-7.254469103846424849e-01
-6.890450884895317207e-01
-6.496845871621574897e-01
-6.076739324268503051e-01
-5.632619694737166505e-01
-5.169083821717912475e-01
-4.684380413001271726e-01
-4.184506501560495417e-01
-3.672297739112407311e-01
-3.151038884356352487e-01
-2.618825123105039121e-01
-2.084705285013855325e-01
-1.547395809530986988e-01
-1.009425310698897071e-01
-4.741217650969392627e-02
5.527632121324621561e-03
5.802779913052213967e-02
1.096018188676352867e-01
1.601901039026147888e-01
2.094692615996525675e-01
2.575317276493040430e-01
3.040022943702941349e-01
3.486995514486631587e-01
3.919196222512655314e-01
4.329550695969175966e-01
4.720704546940041046e-01
5.087409838474938883e-01
5.433332652903156701e-01
5.753493232412416614e-01
6.047456796060972639e-01
6.316812013759171007e-01
6.556443433655048114e-01
6.767010561924873269e-01
6.947128935868835953e-01
7.096374276952229776e-01
7.212326495642606972e-01
7.296644792657078771e-01
7.348074137140589990e-01
7.364207670360933822e-01
7.344939147962756820e-01
7.291063118162320889e-01
7.201601273239918166e-01
7.076270534531032830e-01
6.915110730074285339e-01
6.716734547096268049e-01
6.481195411366273973e-01
6.209671707417050435e-01
5.901969873481809348e-01
5.559210747031536615e-01
5.179673701175704359e-01
4.768100963784806523e-01
4.320073633559013415e-01
3.840301256693677279e-01
3.333199917495542342e-01
2.798276128322907952e-01
2.239717655993904710e-01
1.657713904108442382e-01
1.061435593541595890e-01
4.481915166909244963e-02
-1.725772026228118705e-02
-7.976226794107828255e-02
-1.426579711321587784e-01
-2.050915935290368586e-01
-2.667612205996886532e-01
-3.271310668088583395e-01
-3.859066815412528495e-01
-4.425765850717879868e-01
-4.966636287500793001e-01
-5.477670053085290647e-01
-5.957946024610670799e-01
-6.399780460528446957e-01
-6.801688827190629505e-01
-7.160995485308793151e-01
-7.474343594288672676e-01
-7.738437154393588147e-01
-7.954292487662540934e-01
-8.117874755524225883e-01
-8.228762127323596687e-01
-8.289048707679773642e-01
-8.296142132334769492e-01
-8.254409310042993830e-01
-8.160348802424149950e-01
-8.021677143861771775e-01
-7.835147629968498562e-01
-7.609135816378502781e-01
-7.340184778022982304e-01
-7.036961043102623048e-01
-6.701946545228758545e-01
-6.336063315942677132e-01
-5.944459566334376888e-01
-5.529932338024371452e-01
-5.095512750827069226e-01
-4.644557011651929135e-01
-4.177194450722920838e-01
-3.697017575865726435e-01
-3.210420550860648703e-01
-2.714833110847088005e-01
-2.217801177125036105e-01
-1.718251561795372806e-01
-1.217375696606605995e-01
-7.225009635423662591e-02
-2.267565764605752876e-02
2.580806939788793386e-02
7.363626059551514613e-02
1.205805613906802687e-01
1.666515721692277685e-01
2.115494879902472813e-01
