1.192092896618035525e-08
-8.685606040413906825e-04
-1.198799184315091360e-03
-1.058192967390236827e-03
-5.933839677717267502e-04
2.351540315130573600e-04
1.338792984168835076e-03
2.725248743429248277e-03
4.442839939780646175e-03
6.374381870089124158e-03
8.633012752664176448e-03
1.119023996394452602e-02
1.390661762372838450e-02
1.677935639978678228e-02
2.002001568428540823e-02
2.341693374216068102e-02
2.691564983223690422e-02
3.050257120150534282e-02
3.419857094165434236e-02
3.787650492928776313e-02
4.155458298487287039e-02
4.513172027113150631e-02
4.854038773664881568e-02
5.188958320035862160e-02
5.498138096664216545e-02
5.781988043371710795e-02
6.042143020016210730e-02
6.264122184914006075e-02
6.446717742594991474e-02
6.596301715819528899e-02
6.693491332423892604e-02
6.737862421166242177e-02
6.737355263124626681e-02
6.683440914084404216e-02
6.571273243104783224e-02
6.423638280665554257e-02
6.189335340811222275e-02
5.900200405922446933e-02
5.563676252291313573e-02
5.155566273790668924e-02
4.667989624040159991e-02
4.159784877608399545e-02
3.575666384801136355e-02
2.932374281224974302e-02
2.215031864110547644e-02
1.470366852820211706e-02
6.747319899869402837e-03
-1.600313695888071902e-03
-1.057277843052123120e-02
-1.974602700357506666e-02
-2.917015078036165610e-02
-3.888874382914779548e-02
-4.869167979486042214e-02
-5.873572533077206503e-02
-6.860152915419269470e-02
-7.852119530019863181e-02
-8.825298317414659310e-02
-9.765024921363119059e-02
-1.067404868638967830e-01
-1.151613093526752674e-01
-1.234004360274086609e-01
-1.307687983075078164e-01
-1.376991188677927636e-01
-1.434678276045947276e-01
-1.486355116686197408e-01
-1.527370895995366906e-01
-1.559077649021954337e-01
-1.581244905644764165e-01
-1.591138479313286558e-01
-1.592431448964727325e-01
-1.582400833622187308e-01
-1.561131211672161512e-01
-1.528030766578182820e-01
-1.485415158153871595e-01
-1.430431385559678414e-01
-1.367876519805982238e-01
-1.293656328266903910e-01
-1.210863323688916582e-01
-1.119424686875189479e-01
-1.019363819610014099e-01
-9.100348132586572047e-02
-7.951365909878010951e-02
-6.728125787117789081e-02
-5.437093133733489347e-02
-4.086590092821523745e-02
-2.679820862055626307e-02
-1.225732751979841106e-02
2.870337493174252019e-03
1.837027294752024975e-02
3.426221339706678193e-02
5.053249698911145560e-02
6.718771164339426560e-02
8.405096920333557375e-02
1.011811088061296410e-01
1.185777095823242200e-01
1.361415869177357851e-01
1.536879081435225114e-01
1.714740124133041499e-01
1.894709036292732685e-01
2.074038416200946755e-01
2.253550966176831316e-01
2.433617060742159222e-01
2.610502656765149032e-01
2.787917831773463195e-01
2.961218131529098629e-01
3.134457565214586183e-01
3.304229526048425014e-01
3.469528097336133654e-01
3.630271794909909477e-01
3.787882256321564722e-01
3.934733114665323606e-01
4.074662654178917709e-01
4.205446152111869118e-01
4.326528671439019980e-01
4.434690683041111470e-01
4.531184282137493691e-01
4.613854610864494554e-01
4.679504628642767727e-01
4.728170392373149400e-01
4.758949944891513462e-01
4.768496246823640261e-01
4.759258816492555888e-01
4.728007825308833123e-01
4.675130092770878321e-01
4.597713038996572577e-01
4.497801987844023963e-01
4.373982371946452674e-01
4.224918960716307348e-01
4.053541372972567780e-01
3.858137645996158049e-01
3.638016723897496973e-01
3.397962597451793521e-01
3.135323149570206080e-01
2.854069260709144462e-01
2.555206967290866715e-01
2.237843262168863756e-01
1.908322535477954551e-01
1.565775280992424134e-01
1.214771455345478590e-01
8.585994625098368471e-02
4.997043754066349958e-02
1.404658373522198189e-02
-2.153019226861245528e-02
-5.636477148046947772e-02
-9.002944500853665710e-02
-1.222825547281693459e-01
-1.529946101782318491e-01
-1.813357992373674232e-01
-2.074818817937636450e-01
-2.309097619239283139e-01
-2.514813349966622535e-01
-2.687725165866891586e-01
-2.829103220234253646e-01
-2.936939180744360667e-01
-3.008184499694758762e-01
-3.043577266638168854e-01
-3.043372593611604060e-01
-3.007992172076003889e-01
-2.936151887974083330e-01
-2.831626646414777126e-01
-2.693388339078019444e-01
-2.526723285385604201e-01
-2.331371070897975684e-01
-2.109513119700978101e-01
-1.866691303610774066e-01
-1.603564354667894598e-01
-1.323314367979207540e-01
-1.028817877568020123e-01
-7.263502459867221539e-02
-4.141348431313959799e-02
-9.981492491088428398e-03
2.169300360207482292e-02
5.315565191984408799e-02
8.429541829883238635e-02
1.147568991454238629e-01
1.444133926504742593e-01
1.730705324947323653e-01
2.008470417449691736e-01
2.274589615196289105e-01
2.528161526739644005e-01
2.767621945904685243e-01
2.997672710357077719e-01
3.214638978651400691e-01
3.419537642295139568e-01
3.613030122551236234e-01
3.797833883156853663e-01
3.970430837411732528e-01
4.136887825921660156e-01
4.294951365582267977e-01
4.445316946879902531e-01
4.591543345302777634e-01
4.734231946189660367e-01
4.871395745112961917e-01
5.005978812476469253e-01
5.139126199593248012e-01
5.270856123251670411e-01
5.400345118374949571e-01
5.528059645857628102e-01
5.653898963307150138e-01
5.778452094987430732e-01
5.897139649179840015e-01
6.012687712703085330e-01
6.121797106848814174e-01
6.222417033022470401e-01
6.315053254828876250e-01
6.394995439938420123e-01
6.461614667041413185e-01
6.513875887861153569e-01
6.549773654704525994e-01
6.566516123359784629e-01
6.562169821730146069e-01
6.536878318719707703e-01
6.486807576554523003e-01
6.413758108564939775e-01
6.313136346915124708e-01
6.183550866932455703e-01
6.026792750562650625e-01
5.840572158627845845e-01
5.628799955916565789e-01
5.388579238822575057e-01
5.121490520601970076e-01
4.826240207182584396e-01
4.506843385887150943e-01
4.164166713245496254e-01
3.799833308705810042e-01
3.417002715239402244e-01
3.018220359539790509e-01
2.607424287297438470e-01
2.185869122050690949e-01
1.758963243023596301e-01
1.327705402568196691e-01
8.989319611045233638e-02
4.746492061168756937e-02
5.961295965840648914e-03
-3.454209647436015662e-02
-7.322937754074618222e-02
-1.100208810324140307e-01
-1.445787195096505107e-01
-1.765397730141075039e-01
-2.055088235354673998e-01
-2.314631828291330295e-01
-2.537893896514216152e-01
-2.728992629280200810e-01
-2.881444674571994602e-01
-2.995375412710504781e-01
-3.072604295211942005e-01
-3.111639160861550679e-01
-3.111637710589897909e-01
-3.074360749372775925e-01
-3.005513796665192916e-01
-2.901183122920290014e-01
-2.763739010482549330e-01
-2.599334584993293062e-01
-2.408993974361470780e-01
-2.196129098943549462e-01
-1.962531519689389437e-01
-1.714076442646840226e-01
-1.452648183906424251e-01
-1.182982914145870867e-01
-9.081570123720733578e-02
-6.305388077062368257e-02
-3.544879086566665727e-02
-8.219262470182508995e-03
1.825269673025864403e-02
4.393903048479702589e-02
6.829574421266865203e-02
9.138606522906730922e-02
1.131080752208176721e-01
1.333220636974314921e-01
1.520303566890720826e-01
1.689638022368807613e-01
1.846401045504317273e-01
1.985521767480978028e-01
2.112017215959574035e-01
2.223642126706275313e-01
2.325134611258522499e-01
2.416988495109853030e-01
2.500474599700752698e-01
2.575785623500319588e-01
2.649495893123390289e-01
2.716949286140444286e-01
2.785136027732814101e-01
2.852947311656645057e-01
2.921154258536778903e-01
2.991136704226787790e-01
3.063247551985588402e-01
3.136213006073125809e-01
3.213684431479030823e-01
3.290844840993368825e-01
3.371845744033990511e-01
3.449624690051035780e-01
3.525874256896737169e-01
3.599753027537794248e-01
3.668789320088627903e-01
3.729737104130637082e-01
3.782216306204073120e-01
3.822976059019916328e-01
3.849593481797578542e-01
3.861062889937746934e-01
3.853165320248109205e-01
3.827311662567569606e-01
3.779020750830366926e-01
3.708010591522434285e-01
3.612280922111595349e-01
3.494333974464947090e-01
3.348710686156668448e-01
3.179176356158459615e-01
2.985227426062613265e-01
2.766947067237595648e-01
2.526845356319442626e-01
2.263634694428923178e-01
1.984977392329640156e-01
1.689684859387856619e-01
1.379004152410828188e-01
1.057253055376601997e-01
7.285957355117628209e-02
3.960855769679672012e-02
6.278580268334943426e-03
-2.666081474428169673e-02
-5.898791084982715760e-02
-9.008900634643302041e-02
-1.195929207141614437e-01
-1.475464364856320931e-01
-1.731455339053641906e-01
-1.961528463731160299e-01
-2.163522176663875141e-01
-2.337090075136231127e-01
-2.475985879429055680e-01
-2.581172289166061562e-01
-2.650831951480853710e-01
-2.687136992633724630e-01
-2.686252641342583014e-01
-2.649679379668545831e-01
-2.580348112924399917e-01
-2.479543828098711433e-01
-2.347399301181280484e-01
-2.186497716922253809e-01
-2.002125037368129856e-01
-1.793316379605188748e-01
-1.566730888649550679e-01
-1.325269295456854846e-01
-1.071922807801741206e-01
-8.104961815674746606e-02
-5.455181551750118429e-02
-2.793338167075484768e-02
-1.553913940423395923e-03
2.379853449742055926e-02
4.850237620080036227e-02
7.165349484407136649e-02
9.331567401029726427e-02
1.128175913845281542e-01
1.303147454186676102e-01
1.457047482776183123e-01
1.585744337631613543e-01
1.689206203480916324e-01
1.768538038724966066e-01
1.821906702732159766e-01
1.849982289166417493e-01
1.857055869967837447e-01
1.840379028068283018e-01
1.804394331124442863e-01
1.749937248203044804e-01
1.681320092606621019e-01
1.598567545387455935e-01
1.506020551573728217e-01
1.405134011636832991e-01
1.300621901237735134e-01
1.192502317418086266e-01
1.086349083752312650e-01
9.815498000972655568e-02
8.807561997701598977e-02
7.859113140047793711e-02
7.009702467568669493e-02
6.217110592504141581e-02
5.544241583353111402e-02
4.967450656675036214e-02
4.497954127558025095e-02
4.124793736981974268e-02
3.864113199113271280e-02
3.671805080036349977e-02
3.572295060690067192e-02
3.550804610475193773e-02
3.562569752275568380e-02
3.622071552135217032e-02
3.682917255832907077e-02
3.743135584837857521e-02
3.779758416673315718e-02
3.774218628122635172e-02
3.696739259371147057e-02
3.534634875350369659e-02
3.284868236482026138e-02
2.928652467335099430e-02
2.446752822438649777e-02
1.839610984932626980e-02
1.086821809408738959e-02
2.051640769264118092e-03
-7.934177820442672724e-03
-1.922177651471942972e-02
-3.176559503790127303e-02
-4.528920033215277918e-02
-5.935224366182931255e-02
-7.453530537564317937e-02
-8.980077274109438124e-02
-1.053308627601382552e-01
-1.207831720740797921e-01
-1.360549253716132889e-01
-1.504060192762253778e-01
-1.639128668727127813e-01
-1.762069982883261998e-01
-1.868628852487863035e-01
-1.957607384823203955e-01
-2.027806957461077420e-01
-2.073428321976974464e-01
-2.094769567150452372e-01
-2.090426250022140442e-01
-2.059413132080040176e-01
-1.997715456387407773e-01
-1.906547501326759098e-01
-1.788807793232621846e-01
-1.638345290939267063e-01
-1.460608546077807324e-01
-1.251774086027216404e-01
-1.020020993557249067e-01
-7.630850667979743873e-02
-4.826081089871953056e-02
-1.816067136923216196e-02
1.380528027074787167e-02
4.716228007409459244e-02
8.154541910510197666e-02
1.168434149605160899e-01
1.524776835886519355e-01
1.883470504129433065e-01
2.238328872964440164e-01
2.585962479970098649e-01
2.924981782617688264e-01
3.250821775489320387e-01
3.558985735387094618e-01
3.846930863359169783e-01
4.116496646181128094e-01
4.357829487608478880e-01
4.573215197896866036e-01
4.759650351843368044e-01
4.915480813562868589e-01
5.041206333471567325e-01
5.133476135465087076e-01
5.195121715958763708e-01
5.224356402978875824e-01
5.221344377303773765e-01
5.187275566240607816e-01
5.123944171371459522e-01
5.030941328492458675e-01
4.911140974764921507e-01
4.766733879272850860e-01
4.598604199080043586e-01
4.409163089272750691e-01
4.199990934346499727e-01
3.973358837091539031e-01
3.732228148427758629e-01
3.477262626726504990e-01
3.212451233182187504e-01
2.937877847208944515e-01
2.655090475505909597e-01
2.368600789063887435e-01
2.078803574950480182e-01
1.785213229911430666e-01
1.489806860250279807e-01
1.196534565970717445e-01
9.042736970366345439e-02
6.170930517323743036e-02
3.322995048101548554e-02
5.390472965708215103e-03
-2.190750923073708778e-02
-4.851146916814180754e-02
-7.443525866692368709e-02
-9.949727523481485814e-02
-1.234514947839237264e-01
-1.467140393488281236e-01
-1.687248638142215540e-01
-1.899276399267897930e-01
-2.096685266149453386e-01
-2.283818987484293461e-01
-2.456490535679908549e-01
-2.616098565789535257e-01
-2.757475755551716534e-01
-2.883737523162948624e-01
-2.992374172551846567e-01
-3.081352258297371249e-01
-3.149059006904459945e-01
-3.196564216724593344e-01
-3.222706361561908373e-01
-3.222634526974328950e-01
-3.201004586869483082e-01
-3.153355522097960328e-01
-3.082050146362825260e-01
-2.984337076930334565e-01
-2.861556908018005330e-01
-2.715366136057593693e-01
-2.544234062991029277e-01
-2.349769011265128160e-01
-2.131835855826907933e-01
