1.282500028610229492e-01
1.280445158481597900e-01
1.279207766056060791e-01
1.278539001941680908e-01
1.277972757816314697e-01
1.277814209461212158e-01
1.277004182338714600e-01
1.276468038558959961e-01
1.275263130664825439e-01
1.273736804723739624e-01
1.271271109580993652e-01
1.269160509109497070e-01
1.265427619218826294e-01
1.261965632438659668e-01
1.257506161928176880e-01
1.253329962491989136e-01
1.247588917613029480e-01
1.242550238966941833e-01
1.237412393093109131e-01
1.230860352516174316e-01
1.225703284144401550e-01
1.220517009496688843e-01
1.215122863650321960e-01
1.210547015070915222e-01
1.205616220831871033e-01
1.201455816626548767e-01
1.197989732027053833e-01
1.195210292935371399e-01
1.192672178149223328e-01
1.190691068768501282e-01
1.189225390553474426e-01
1.187387257814407349e-01
1.186605095863342285e-01
1.185132488608360291e-01
1.183273717761039734e-01
1.183754131197929382e-01
1.181634217500686646e-01
1.180277392268180847e-01
1.179403886198997498e-01
1.177902966737747192e-01
1.175327897071838379e-01
1.173555254936218262e-01
1.171757280826568604e-01
1.169691160321235657e-01
1.167292073369026184e-01
1.165248751640319824e-01
1.163642331957817078e-01
1.161819249391555786e-01
1.161503791809082031e-01
1.161352246999740601e-01
1.162125766277313232e-01
1.163059845566749573e-01
1.164981871843338013e-01
1.166899874806404114e-01
1.169277578592300415e-01
1.173131167888641357e-01
1.175549849867820740e-01
1.180576831102371216e-01
1.184296607971191406e-01
1.188166439533233643e-01
1.191219314932823181e-01
1.195735037326812744e-01
1.199089586734771729e-01
1.202238723635673523e-01
1.205947324633598328e-01
1.209296584129333496e-01
1.211893334984779358e-01
1.214393675327301025e-01
1.218351796269416809e-01
1.220106109976768494e-01
1.222267597913742065e-01
1.225326135754585266e-01
1.227961480617523193e-01
1.229602247476577759e-01
1.232528537511825562e-01
1.235219687223434448e-01
1.238113492727279663e-01
1.240283027291297913e-01
1.243297159671783447e-01
1.245610266923904419e-01
1.247802600264549255e-01
1.250295341014862061e-01
1.252002269029617310e-01
1.254708170890808105e-01
1.256587654352188110e-01
1.259019076824188232e-01
1.260345131158828735e-01
1.262064725160598755e-01
1.263823360204696655e-01
1.266011595726013184e-01
1.267087012529373169e-01
1.268709301948547363e-01
1.270762830972671509e-01
1.272127330303192139e-01
1.273024082183837891e-01
1.274112164974212646e-01
1.274958550930023193e-01
1.276071965694427490e-01
1.276453733444213867e-01
1.277547478675842285e-01
1.277694255113601685e-01
1.278181076049804688e-01
1.278311014175415039e-01
1.277874708175659180e-01
1.277951747179031372e-01
1.277521997690200806e-01
1.275840848684310913e-01
1.275729089975357056e-01
1.274204403162002563e-01
1.272814273834228516e-01
1.271731853485107422e-01
1.270551979541778564e-01
1.268704235553741455e-01
1.267295926809310913e-01
1.266031861305236816e-01
1.264299899339675903e-01
1.263586729764938354e-01
1.263168156147003174e-01
1.262621134519577026e-01
1.260487586259841919e-01
1.258998960256576538e-01
1.258559077978134155e-01
1.257674396038055420e-01
1.258048713207244873e-01
1.256903707981109619e-01
1.255955845117568970e-01
1.256665587425231934e-01
1.256205588579177856e-01
1.256084591150283813e-01
1.256132572889328003e-01
1.255242526531219482e-01
1.254989951848983765e-01
1.254553645849227905e-01
1.254123747348785400e-01
1.253756880760192871e-01
1.252298504114151001e-01
1.251839846372604370e-01
1.251790970563888550e-01
1.249867454171180725e-01
1.250008493661880493e-01
1.248388513922691345e-01
1.247944459319114685e-01
1.246478855609893799e-01
1.246919035911560059e-01
1.247731000185012817e-01
1.247846707701683044e-01
1.248863488435745239e-01
1.250445991754531860e-01
1.251747757196426392e-01
1.253050863742828369e-01
1.254409998655319214e-01
1.256048530340194702e-01
1.257144510746002197e-01
1.258648931980133057e-01
1.259593367576599121e-01
1.260310858488082886e-01
1.260439157485961914e-01
1.261630803346633911e-01
1.261715292930603027e-01
1.262959241867065430e-01
1.263785809278488159e-01
1.264879703521728516e-01
1.265369504690170288e-01
1.266840696334838867e-01
1.267071962356567383e-01
1.268537491559982300e-01
1.268878877162933350e-01
1.268607378005981445e-01
1.268199980258941650e-01
1.270671337842941284e-01
1.270161867141723633e-01
1.271549761295318604e-01
1.270890235900878906e-01
1.271050274372100830e-01
1.272051185369491577e-01
1.272206455469131470e-01
1.272692978382110596e-01
1.273476481437683105e-01
1.274280846118927002e-01
1.273962259292602539e-01
1.275787055492401123e-01
1.275525540113449097e-01
1.275583803653717041e-01
1.275689601898193359e-01
1.275962144136428833e-01
1.274823248386383057e-01
1.275541931390762329e-01
1.275756359100341797e-01
1.275619864463806152e-01
1.276328712701797485e-01
1.276960968971252441e-01
1.277271658182144165e-01
1.276903003454208374e-01
1.278238594532012939e-01
1.278792321681976318e-01
1.278878450393676758e-01
1.279007196426391602e-01
1.278311610221862793e-01
1.278009414672851562e-01
1.276993453502655029e-01
1.276216208934783936e-01
1.275111436843872070e-01
1.273313611745834351e-01
1.272871792316436768e-01
1.272619068622589111e-01
1.273025572299957275e-01
1.271892040967941284e-01
1.272140592336654663e-01
1.272269189357757568e-01
1.272256225347518921e-01
1.272116154432296753e-01
1.272992789745330811e-01
1.272795051336288452e-01
1.272945702075958252e-01
1.273256540298461914e-01
1.272126585245132446e-01
1.272706538438796997e-01
1.271577328443527222e-01
1.271695643663406372e-01
1.272643059492111206e-01
1.273005306720733643e-01
1.272244155406951904e-01
1.272777616977691650e-01
1.272763013839721680e-01
1.273936182260513306e-01
1.272235661745071411e-01
1.271646171808242798e-01
1.273240447044372559e-01
1.273006796836853027e-01
1.273611336946487427e-01
1.273911297321319580e-01
1.273583471775054932e-01
1.273666471242904663e-01
1.274427026510238647e-01
1.274417936801910400e-01
1.275899410247802734e-01
1.275974959135055542e-01
1.276390254497528076e-01
1.276418566703796387e-01
1.276815533638000488e-01
1.277194470167160034e-01
1.276118457317352295e-01
1.275549381971359253e-01
1.275034993886947632e-01
1.274119615554809570e-01
1.273931562900543213e-01
1.273758262395858765e-01
1.272910237312316895e-01
1.272184401750564575e-01
1.272170543670654297e-01
1.272398978471755981e-01
1.272538006305694580e-01
1.272797882556915283e-01
1.272642910480499268e-01
1.272843033075332642e-01
1.272304207086563110e-01
1.273442357778549194e-01
1.273527741432189941e-01
1.273670345544815063e-01
1.273541152477264404e-01
1.273266673088073730e-01
1.272166073322296143e-01
1.272055208683013916e-01
1.272661536931991577e-01
1.272715032100677490e-01
1.272170543670654297e-01
1.270978152751922607e-01
1.271529793739318848e-01
1.271421462297439575e-01
1.272882372140884399e-01
1.271821856498718262e-01
1.272380053997039795e-01
1.272334158420562744e-01
1.271790117025375366e-01
1.273504495620727539e-01
1.274080723524093628e-01
1.274501085281372070e-01
1.275157183408737183e-01
1.276954710483551025e-01
1.276911348104476929e-01
1.277465820312500000e-01
1.278282850980758667e-01
1.279648542404174805e-01
1.279030442237854004e-01
1.279568970203399658e-01
1.279360055923461914e-01
1.279499530792236328e-01
1.279598921537399292e-01
1.279448866844177246e-01
1.279400140047073364e-01
1.279743909835815430e-01
1.279461383819580078e-01
1.279173791408538818e-01
1.279408931732177734e-01
1.278605908155441284e-01
1.278888285160064697e-01
1.279171854257583618e-01
1.279339194297790527e-01
1.278631091117858887e-01
1.278451085090637207e-01
1.279095411300659180e-01
1.280613243579864502e-01
1.281075030565261841e-01
1.281577050685882568e-01
1.281871646642684937e-01
1.282847523689270020e-01
1.283463835716247559e-01
1.283856630325317383e-01
1.283630728721618652e-01
1.284263283014297485e-01
1.284459084272384644e-01
1.284403204917907715e-01
1.285599023103713989e-01
1.285194009542465210e-01
1.285143494606018066e-01
1.285087615251541138e-01
1.283627897500991821e-01
1.284811198711395264e-01
1.284057348966598511e-01
1.283458620309829712e-01
1.282796263694763184e-01
1.282834261655807495e-01
1.281863152980804443e-01
1.281473636627197266e-01
1.281067878007888794e-01
1.279965490102767944e-01
1.279557496309280396e-01
1.279838979244232178e-01
1.278790086507797241e-01
1.278909742832183838e-01
1.277697682380676270e-01
1.278145611286163330e-01
1.278036236763000488e-01
1.278030276298522949e-01
1.276714950799942017e-01
1.276431828737258911e-01
1.277219653129577637e-01
1.277679204940795898e-01
1.276427805423736572e-01
1.277334094047546387e-01
1.276553571224212646e-01
1.277104169130325317e-01
1.276841908693313599e-01
1.277059167623519897e-01
1.278195381164550781e-01
1.278329938650131226e-01
1.278538554906845093e-01
1.279346048831939697e-01
1.279802918434143066e-01
1.280724108219146729e-01
1.280169636011123657e-01
1.281013339757919312e-01
1.281301677227020264e-01
1.282329708337783813e-01
1.282066553831100464e-01
1.281621605157852173e-01
1.281644999980926514e-01
1.280924379825592041e-01
1.281149983406066895e-01
1.280756443738937378e-01
1.281603723764419556e-01
1.280325949192047119e-01
1.280192881822586060e-01
1.280616074800491333e-01
1.279995739459991455e-01
1.279380172491073608e-01
1.279877424240112305e-01
1.279988288879394531e-01
1.281032264232635498e-01
1.280385255813598633e-01
1.280734837055206299e-01
1.283459812402725220e-01
1.283585876226425171e-01
1.284600347280502319e-01
1.285115182399749756e-01
1.285060793161392212e-01
1.285634785890579224e-01
1.286278963088989258e-01
1.286582350730895996e-01
1.287534236907958984e-01
1.286561787128448486e-01
1.287829577922821045e-01
1.287317126989364624e-01
1.285766512155532837e-01
1.285901963710784912e-01
1.285476833581924438e-01
1.284482777118682861e-01
1.283911913633346558e-01
1.283075958490371704e-01
1.283492296934127808e-01
1.282704919576644897e-01
1.282707303762435913e-01
1.282645761966705322e-01
1.283240616321563721e-01
1.282312721014022827e-01
1.282849460840225220e-01
1.283033788204193115e-01
1.282867342233657837e-01
1.283133476972579956e-01
1.282845288515090942e-01
1.282861977815628052e-01
1.282339692115783691e-01
1.281708925962448120e-01
1.281421035528182983e-01
1.281240582466125488e-01
1.280385255813598633e-01
1.280055344104766846e-01
1.278103291988372803e-01
1.278587728738784790e-01
1.278914362192153931e-01
1.277747303247451782e-01
1.277696639299392700e-01
1.277471482753753662e-01
1.277523934841156006e-01
1.276977956295013428e-01
1.276504397392272949e-01
1.277440488338470459e-01
1.277039796113967896e-01
1.277526021003723145e-01
1.277201026678085327e-01
1.278171837329864502e-01
1.278107911348342896e-01
1.278548240661621094e-01
1.279987394809722900e-01
1.280507892370223999e-01
1.280900537967681885e-01
1.280814409255981445e-01
1.280944198369979858e-01
1.280396431684494019e-01
1.279912143945693970e-01
1.279853731393814087e-01
1.279924809932708740e-01
1.278733015060424805e-01
1.278439462184906006e-01
1.278072148561477661e-01
1.278661489486694336e-01
1.277715712785720825e-01
1.277478635311126709e-01
1.277052760124206543e-01
1.277004778385162354e-01
1.277174502611160278e-01
1.276653558015823364e-01
1.276585161685943604e-01
1.276565939188003540e-01
1.276025772094726562e-01
1.275185048580169678e-01
1.275785267353057861e-01
1.274535655975341797e-01
1.275134086608886719e-01
1.275557279586791992e-01
1.275143623352050781e-01
1.275960355997085571e-01
1.276194453239440918e-01
1.275710314512252808e-01
1.277149468660354614e-01
1.276048421859741211e-01
1.276917159557342529e-01
1.277243793010711670e-01
1.276475340127944946e-01
1.276932656764984131e-01
1.274962723255157471e-01
1.275399178266525269e-01
1.275982409715652466e-01
1.275433897972106934e-01
1.275755912065505981e-01
1.277037411928176880e-01
1.277960240840911865e-01
1.278319656848907471e-01
1.279141306877136230e-01
1.279838234186172485e-01
1.279561817646026611e-01
1.280021667480468750e-01
1.279333829879760742e-01
1.279570907354354858e-01
1.277902275323867798e-01
1.277161240577697754e-01
1.275529712438583374e-01
1.275269091129302979e-01
1.273393034934997559e-01
1.272669732570648193e-01
1.271961927413940430e-01
1.272099912166595459e-01
1.270950734615325928e-01
1.271581202745437622e-01
1.271191835403442383e-01
1.270868182182312012e-01
1.270300596952438354e-01
1.270080953836441040e-01
1.270560324192047119e-01
1.268564462661743164e-01
1.269794404506683350e-01
1.270619630813598633e-01
1.271117925643920898e-01
1.271677315235137939e-01
1.272700875997543335e-01
1.275274604558944702e-01
1.274745613336563110e-01
1.276382654905319214e-01
1.276246458292007446e-01
1.276454329490661621e-01
