3.000000119209289551e-01
3.234304189682006836e-01
3.462960422039031982e-01
3.683833479881286621e-01
3.894234299659729004e-01
4.093919992446899414e-01
4.279216527938842773e-01
4.450245499610900879e-01
4.603969752788543701e-01
4.738965630531311035e-01
4.853853583335876465e-01
4.949242174625396729e-01
5.020039677619934082e-01
5.068708658218383789e-01
5.092157125473022461e-01
5.092263221740722656e-01
5.064746141433715820e-01
5.013334751129150391e-01
4.934411644935607910e-01
4.829859137535095215e-01
4.701358675956726074e-01
4.547976851463317871e-01
4.370238780975341797e-01
4.171026647090911865e-01
3.947667777538299561e-01
3.705135285854339600e-01
3.442982435226440430e-01
3.163793683052062988e-01
2.867434024810791016e-01
2.555041313171386719e-01
2.229667603969573975e-01
1.893983930349349976e-01
1.547487080097198486e-01
1.193441450595855713e-01
8.340507745742797852e-02
4.705315828323364258e-02
1.031818985939025879e-02
-2.617380023002624512e-02
-6.252229213714599609e-02
-9.853801131248474121e-02
-1.337670087814331055e-01
-1.683359742164611816e-01
-2.018500566482543945e-01
-2.342810630798339844e-01
-2.653805613517761230e-01
-2.948398590087890625e-01
-3.227313160896301270e-01
-3.487727642059326172e-01
-3.729100227355957031e-01
-3.952066898345947266e-01
-4.152033925056457520e-01
-4.328156709671020508e-01
-4.481503963470458984e-01
-4.607473611831665039e-01
-4.708978533744812012e-01
-4.785746335983276367e-01
-4.832088947296142578e-01
-4.855788350105285645e-01
-4.849959015846252441e-01
-4.818164706230163574e-01
-4.756678938865661621e-01
-4.672569036483764648e-01
-4.562838077545166016e-01
-4.429070353507995605e-01
-4.273194670677185059e-01
-4.097096323966979980e-01
-3.899900913238525391e-01
-3.684441447257995605e-01
-3.454053997993469238e-01
-3.206235766410827637e-01
-2.946044802665710449e-01
-2.673343420028686523e-01
-2.389051318168640137e-01
-2.095717787742614746e-01
-1.793666779994964600e-01
-1.484262347221374512e-01
-1.169823408126831055e-01
-8.489450812339782715e-02
-5.239757895469665527e-02
-1.976090669631958008e-02
1.325455307960510254e-02
4.634234309196472168e-02
7.932950556278228760e-02
1.120821088552474976e-01
1.448510736227035522e-01
1.769539713859558105e-01
2.086934447288513184e-01
2.397045493125915527e-01
2.698750793933868408e-01
2.993281483650207520e-01
3.274481594562530518e-01
3.543855249881744385e-01
3.801306486129760742e-01
4.041261672973632812e-01
4.263399541378021240e-01
4.469366967678070068e-01
4.654152989387512207e-01
4.817616939544677734e-01
4.958273768424987793e-01
5.077121853828430176e-01
5.168780684471130371e-01
5.236955285072326660e-01
5.276980996131896973e-01
5.290315747261047363e-01
5.276431441307067871e-01
5.236170887947082520e-01
5.165978670120239258e-01
5.072146654129028320e-01
4.950139522552490234e-01
4.804241955280303955e-01
4.633319377899169922e-01
4.440386295318603516e-01
4.224773347377777100e-01
3.988406360149383545e-01
3.735254406929016113e-01
3.464038968086242676e-01
3.177863955497741699e-01
2.876768708229064941e-01
2.567051947116851807e-01
2.246219515800476074e-01
1.916112005710601807e-01
1.578704118728637695e-01
1.234645396471023560e-01
8.874180912971496582e-02
5.347442626953125000e-02
1.840284466743469238e-02
-1.699832081794738770e-02
-5.233672261238098145e-02
-8.732742071151733398e-02
-1.220603585243225098e-01
-1.563626825809478760e-01
-1.901977956295013428e-01
-2.230406999588012695e-01
-2.551520466804504395e-01
-2.859318852424621582e-01
-3.156152367591857910e-01
-3.439371585845947266e-01
-3.708215355873107910e-01
-3.956584930419921875e-01
-4.191667437553405762e-01
-4.405062198638916016e-01
-4.598098993301391602e-01
-4.768198728561401367e-01
-4.918208718299865723e-01
-5.046482086181640625e-01
-5.147638916969299316e-01
-5.223950147628784180e-01
-5.276744961738586426e-01
-5.301558971405029297e-01
-5.300008654594421387e-01
-5.271930098533630371e-01
-5.219135284423828125e-01
-5.138241052627563477e-01
-5.032731294631958008e-01
-4.902829527854919434e-01
-4.748110771179199219e-01
-4.570640325546264648e-01
-4.372019767761230469e-01
-4.154030680656433105e-01
-3.918370008468627930e-01
-3.666402101516723633e-01
-3.398724198341369629e-01
-3.116832375526428223e-01
-2.823529839515686035e-01
-2.519225478172302246e-01
-2.204979062080383301e-01
-1.883958280086517334e-01
-1.553899943828582764e-01
-1.217437684535980225e-01
-8.776822686195373535e-02
-5.338481068611145020e-02
-1.877373456954956055e-02
1.620593667030334473e-02
5.108501017093658447e-02
8.573801815509796143e-02
1.201296895742416382e-01
1.541938483715057373e-01
1.875975131988525391e-01
2.202238440513610840e-01
2.521334588527679443e-01
2.829878628253936768e-01
3.125635087490081787e-01
3.406844735145568848e-01
3.674212098121643066e-01
3.925722241401672363e-01
4.159233272075653076e-01
4.375152587890625000e-01
4.571298062801361084e-01
4.743555784225463867e-01
4.894661307334899902e-01
5.022211670875549316e-01
5.124213695526123047e-01
5.197315216064453125e-01
5.246683955192565918e-01
5.267852544784545898e-01
5.260301828384399414e-01
5.225459933280944824e-01
5.161365866661071777e-01
5.071728825569152832e-01
4.954899549484252930e-01
4.813440144062042236e-01
4.646662473678588867e-01
4.458164572715759277e-01
4.247338175773620605e-01
4.018245935440063477e-01
3.773950338363647461e-01
3.507441282272338867e-01
3.229124248027801514e-01
2.938427627086639404e-01
2.635473608970642090e-01
2.321169972419738770e-01
1.997837871313095093e-01
1.666891127824783325e-01
1.329152733087539673e-01
9.859302639961242676e-02
6.358924508094787598e-02
2.844247221946716309e-02
-6.563305854797363281e-03
-4.170212149620056152e-02
-7.696160674095153809e-02
-1.115961968898773193e-01
-1.457592844963073730e-01
-1.792977452278137207e-01
-2.120569944381713867e-01
-2.441847324371337891e-01
-2.750895023345947266e-01
-3.051432371139526367e-01
-3.338251113891601562e-01
-3.612543344497680664e-01
-3.872132301330566406e-01
-4.116541147232055664e-01
-4.341735839843750000e-01
-4.545640945434570312e-01
-4.734426736831665039e-01
-4.898461699485778809e-01
-5.041071176528930664e-01
-5.157517194747924805e-01
-5.249085426330566406e-01
-5.313338041305541992e-01
-5.352200865745544434e-01
-5.363794565200805664e-01
-5.346883535385131836e-01
-5.302909612655639648e-01
-5.233204364776611328e-01
-5.138997435569763184e-01
-5.020159482955932617e-01
-4.877399802207946777e-01
-4.711320996284484863e-01
-4.523964524269104004e-01
-4.316110014915466309e-01
-4.090380072593688965e-01
-3.846585154533386230e-01
-3.585995435714721680e-01
-3.310321569442749023e-01
-3.022564649581909180e-01
-2.718510031700134277e-01
-2.407937645912170410e-01
-2.085719108581542969e-01
-1.753451228141784668e-01
-1.416997313499450684e-01
-1.075590848922729492e-01
-7.296982407569885254e-02
-3.800165653228759766e-02
-3.181457519531250000e-03
3.184878826141357422e-02
6.682223081588745117e-02
1.013342142105102539e-01
1.354696899652481079e-01
1.692469567060470581e-01
2.022652924060821533e-01
2.343902587890625000e-01
2.657912671566009521e-01
2.959108054637908936e-01
3.249083459377288818e-01
3.528038859367370605e-01
3.792454600334167480e-01
4.036943018436431885e-01
4.264838099479675293e-01
4.472846388816833496e-01
4.658589959144592285e-01
4.821657240390777588e-01
4.961794912815093994e-01
5.077533125877380371e-01
5.164242982864379883e-01
5.225594639778137207e-01
5.258604288101196289e-01
5.264075994491577148e-01
5.243062376976013184e-01
5.192717313766479492e-01
5.117201209068298340e-01
5.015096664428710938e-01
4.885865151882171631e-01
4.732130467891693115e-01
4.556230902671813965e-01
4.356338679790496826e-01
4.137768745422363281e-01
3.900192379951477051e-01
3.644091486930847168e-01
3.371838331222534180e-01
3.085028231143951416e-01
2.785270214080810547e-01
2.474049329757690430e-01
2.152252793312072754e-01
1.823273599147796631e-01
1.485696732997894287e-01
1.144097149372100830e-01
7.967676222324371338e-02
4.464721679687500000e-02
9.443998336791992188e-03
-2.577662467956542969e-02
-6.109100580215454102e-02
-9.584105014801025391e-02
-1.304557323455810547e-01
-1.646323800086975098e-01
-1.981321871280670166e-01
-2.309514284133911133e-01
-2.626069188117980957e-01
-2.937715053558349609e-01
-3.233875036239624023e-01
-3.516344428062438965e-01
-3.785066008567810059e-01
-4.038517475128173828e-01
-4.273052811622619629e-01
-4.487550854682922363e-01
-4.683865308761596680e-01
-4.856717586517333984e-01
-5.007055401802062988e-01
-5.135339498519897461e-01
-5.237528085708618164e-01
-5.315872430801391602e-01
-5.364638566970825195e-01
-5.391473770141601562e-01
-5.391055345535278320e-01
-5.363610982894897461e-01
-5.307265520095825195e-01
-5.227515101432800293e-01
-5.124907493591308594e-01
-4.996560811996459961e-01
-4.842455983161926270e-01
-4.669440984725952148e-01
-4.471976757049560547e-01
-4.259118437767028809e-01
-4.024947285652160645e-01
-3.773622512817382812e-01
-3.509180545806884766e-01
-3.228313326835632324e-01
-2.935160398483276367e-01
-2.631294131278991699e-01
-2.314620018005371094e-01
-1.993664801120758057e-01
-1.663965880870819092e-01
-1.327742934226989746e-01
-9.863272309303283691e-02
-6.427752971649169922e-02
-2.960798144340515137e-02
5.154311656951904297e-03
3.983435034751892090e-02
7.442791759967803955e-02
1.087899804115295410e-01
1.426825970411300659e-01
1.761198192834854126e-01
2.088126391172409058e-01
2.406669110059738159e-01
2.717298269271850586e-01
3.013970553874969482e-01
3.298566937446594238e-01
3.568891286849975586e-01
3.826143443584442139e-01
4.063421487808227539e-01
4.282834827899932861e-01
4.480356574058532715e-01
4.661523103713989258e-01
4.815557003021240234e-01
4.945305585861206055e-01
5.049727559089660645e-01
5.125921368598937988e-01
5.175824761390686035e-01
5.197659730911254883e-01
5.191439390182495117e-01
5.157347917556762695e-01
5.092305541038513184e-01
5.004185438156127930e-01
4.885648190975189209e-01
4.740386903285980225e-01
4.573029875755310059e-01
4.380862712860107422e-01
4.164999723434448242e-01
3.930797278881072998e-01
3.675070106983184814e-01
3.406207561492919922e-01
3.118453621864318848e-01
2.818547487258911133e-01
2.504645586013793945e-01
2.182235270738601685e-01
1.848532557487487793e-01
1.506799310445785522e-01
1.158961057662963867e-01
8.062587678432464600e-02
4.519808292388916016e-02
9.303331375122070312e-03
-2.659377455711364746e-02
-6.234318017959594727e-02
-9.774613380432128906e-02
-1.331171393394470215e-01
-1.676680445671081543e-01
-2.016354203224182129e-01
-2.348652482032775879e-01
-2.671137452125549316e-01
-2.981361746788024902e-01
-3.281529545783996582e-01
-3.567381501197814941e-01
-3.838847875595092773e-01
-4.093154072761535645e-01
-4.331632256507873535e-01
-4.550904035568237305e-01
-4.749513864517211914e-01
-4.930786490440368652e-01
-5.088036656379699707e-01
-5.224345326423645020e-01
-5.334966182708740234e-01
-5.424152016639709473e-01
-5.487611889839172363e-01
-5.525716543197631836e-01
-5.540988445281982422e-01
-5.529382228851318359e-01
-5.492767691612243652e-01
-5.431110262870788574e-01
-5.345469713211059570e-01
-5.235033631324768066e-01
-5.103176832199096680e-01
-4.950447082519531250e-01
-4.776301980018615723e-01
-4.582531452178955078e-01
-4.371824264526367188e-01
-4.145057797431945801e-01
-3.903727531433105469e-01
-3.649535179138183594e-01
-3.382599353790283203e-01
-3.104285597801208496e-01
-2.816855311393737793e-01
-2.520937323570251465e-01
-2.218187451362609863e-01
-1.907111406326293945e-01
-1.592354178428649902e-01
-1.269067823886871338e-01
-9.411996603012084961e-02
-6.120759248733520508e-02
-2.797979116439819336e-02
5.314886569976806641e-03
3.885501623153686523e-02
7.194544374942779541e-02
1.050983071327209473e-01
1.376299858093261719e-01
1.694898009300231934e-01
2.009249478578567505e-01
2.313714325428009033e-01
2.608180344104766846e-01
2.890171110630035400e-01
3.159559369087219238e-01
3.413946628570556641e-01
3.651142418384552002e-01
3.869552910327911377e-01
4.070476293563842773e-01
4.248228669166564941e-01
4.403085410594940186e-01
4.533874690532684326e-01
4.638475775718688965e-01
4.714554250240325928e-01
4.763811528682708740e-01
4.782624244689941406e-01
4.770716130733489990e-01
4.730073213577270508e-01
4.657757878303527832e-01
4.557574987411499023e-01
4.425267875194549561e-01
4.267630875110626221e-01
4.080356359481811523e-01
3.870649635791778564e-01
3.633804023265838623e-01
3.377186357975006104e-01
3.101957440376281738e-01
2.807723581790924072e-01
2.498347312211990356e-01
2.175391912460327148e-01
1.840725541114807129e-01
1.496627777814865112e-01
1.142249703407287598e-01
7.803125679492950439e-02
4.164513945579528809e-02
4.745066165924072266e-03
-3.196763992309570312e-02
-6.864273548126220703e-02
-1.051933765411376953e-01
-1.409099102020263672e-01
-1.764944195747375488e-01
-2.107774615287780762e-01
-2.441971302032470703e-01
-2.765242457389831543e-01
-3.077664971351623535e-01
-3.376207947731018066e-01
