-1.192092896618035525e-08
8.473466513977345738e-03
1.613343812501649710e-02
2.298062543372386690e-02
2.901656670054370002e-02
3.424287943884518626e-02
3.865928614727004442e-02
4.226607914303626146e-02
4.506515004626515664e-02
4.705999056758747301e-02
4.824613138560274184e-02
4.863259476899439715e-02
4.822135037978692029e-02
4.701601143951006367e-02
4.502499746382757073e-02
4.225411940286766255e-02
3.870987055032945601e-02
3.441163127648355635e-02
2.936648445753278769e-02
2.358462156265567211e-02
1.709671321868883043e-02
9.904772038843365212e-03
2.040610889546226603e-03
-6.476232708513510183e-03
-1.562349429667055090e-02
-2.537027075946907129e-02
-3.568945676350035456e-02
-4.655099176400918914e-02
-5.791720871517686692e-02
-6.976338531055617520e-02
-8.204880436316672188e-02
-9.473228879546247150e-02
-1.077764126440937109e-01
-1.211454242485014987e-01
-1.347914967268507014e-01
-1.486803507984219563e-01
-1.627606508359620563e-01
-1.769941531030053694e-01
-1.913402789843858809e-01
-2.057427832265131817e-01
-2.201691437329440226e-01
-2.345735323104183034e-01
-2.489092719307513801e-01
-2.631338419742214052e-01
-2.772080517689304857e-01
-2.910917577994951988e-01
-3.047364340980389108e-01
-3.181162485422735497e-01
-3.311770473366745238e-01
-3.438972762222558543e-01
-3.562339687835633928e-01
-3.681547544173572883e-01
-3.796243630108199762e-01
-3.906248418836792413e-01
-4.011131881720124137e-01
-4.110691282380118383e-01
-4.204727020395498949e-01
-4.293006672351602493e-01
-4.375141013149398406e-01
-4.451149392976479491e-01
-4.520783532398077731e-01
-4.583814469132317382e-01
-4.640190130913152688e-01
-4.689803499809971910e-01
-4.732422331278777206e-01
-4.768063838714491354e-01
-4.796559756305971978e-01
-4.817933969280406847e-01
-4.832089993850968712e-01
-4.839047263220266348e-01
-4.838675833794395809e-01
-4.831050937280667590e-01
-4.816266341058481615e-01
-4.794123481006371534e-01
-4.764755627533255877e-01
-4.728375093751157610e-01
-4.684801755538953727e-01
-4.634264400763507541e-01
-4.576801743872018768e-01
-4.512463972150896896e-01
-4.441497848632831036e-01
-4.364008580433860751e-01
-4.279881834045965450e-01
-4.189688238851461133e-01
-4.093274233476919544e-01
-3.990988301030796714e-01
-3.882915780521459248e-01
-3.769412791078466385e-01
-3.650569354859266036e-01
-3.526662021274515890e-01
-3.397961491080258578e-01
-3.264740801934016279e-01
-3.127189201555996001e-01
-2.985702245311295244e-01
-2.840581354971378758e-01
-2.692073513809161711e-01
-2.540476017912647322e-01
-2.386125294958825194e-01
-2.229437905182387603e-01
-2.070698379332873984e-01
-1.910210537932519326e-01
-1.748364399874764441e-01
-1.585566873894198037e-01
-1.422029781229207368e-01
-1.258236052092155111e-01
-1.094404895498914676e-01
-9.309751232543203581e-02
-7.683708754765905535e-02
-6.066848303968737366e-02
-4.463536960732225611e-02
-2.877376985116295027e-02
-1.310659284649028089e-02
2.330525194396332322e-03
1.750754406024652293e-02
3.241707850958278070e-02
4.701958534566191839e-02
6.129422260473717937e-02
7.522882299542396622e-02
8.879254685442555806e-02
1.019922924700181199e-01
1.147882086061739887e-01
1.271795992243245910e-01
1.391537530603587924e-01
1.507114479909869575e-01
1.618353471810119737e-01
1.725349439777841831e-01
1.827998748971794152e-01
1.926251936116432084e-01
2.020242679531430996e-01
2.110071434027840920e-01
2.195672501843198843e-01
2.277052293498483815e-01
2.354432939780712886e-01
2.427910261104923306e-01
2.497549138993350182e-01
2.563611479281178163e-01
2.626074286051388595e-01
2.685198601505463523e-01
2.740971129758845715e-01
2.793770102380838116e-01
2.843708026019666213e-01
2.890799562491526142e-01
2.935290927983961184e-01
2.977473934094175267e-01
3.017401611047561549e-01
3.055208517647060029e-01
3.091088921211276319e-01
3.125198458290257553e-01
3.157641459913461679e-01
3.188537695308666930e-01
3.218201298318523196e-01
3.246506589518085573e-01
3.273605427474485796e-01
3.299684501754068799e-01
3.324810175520004352e-01
3.348807624240448533e-01
3.372137823437099668e-01
3.394465041331726218e-01
3.415891305401589362e-01
3.436575813878232633e-01
3.456306067698946549e-01
3.475067237143882326e-01
3.493029901055756392e-01
3.509761187610928035e-01
3.525378039321784840e-01
3.539946921552603598e-01
3.552907571732941139e-01
3.564463476243934226e-01
3.574513475953263186e-01
3.582547637027281850e-01
3.588666726728381162e-01
3.592568454839729086e-01
3.594154447924040041e-01
3.593138375170375487e-01
3.589250242492482701e-01
3.582379402561353121e-01
3.572379683280673679e-01
3.558468183071343272e-01
3.541179309797816699e-01
3.519589075436010406e-01
3.493974474487087645e-01
3.463862741483159646e-01
3.428951712358027093e-01
3.389171624508259262e-01
3.344156296201582501e-01
3.293901368584585265e-01
3.238062184822658729e-01
3.176601507975498340e-01
3.109111828958909807e-01
3.035707249929315288e-01
2.956215686635650930e-01
2.870457129704861443e-01
2.778506697497774569e-01
2.680295804824216477e-01
2.575683921813071153e-01
2.464871947318851564e-01
2.347794146765177503e-01
2.224536374667763494e-01
2.095295955497544216e-01
1.960157558113958809e-01
1.819205537272907403e-01
1.672816554283609591e-01
1.521335759400477827e-01
1.364573046132397105e-01
1.203377055687584463e-01
1.037845995362829538e-01
8.683120504528715755e-02
6.952057922321694394e-02
5.189489798352296679e-02
3.401127855664771993e-02
1.590511859372940873e-02
-2.380477492616776131e-03
-2.078047103938485130e-02
-3.925585167881592841e-02
-5.774285230131750990e-02
-7.619667211641847904e-02
-9.454921797438899100e-02
-1.127499463754507159e-01
-1.307488931556528011e-01
-1.485016307581159545e-01
-1.659261772452008121e-01
-1.829970314328235315e-01
-1.996266138146360336e-01
-2.157899342899504969e-01
-2.314279940955645265e-01
-2.464986436471625075e-01
-2.609528141899230547e-01
-2.747333621461949260e-01
-2.878197217259188534e-01
-3.001728623918002437e-01
-3.117288543910693988e-01
-3.224844405496020139e-01
-3.323836987744169802e-01
-3.414169376540929224e-01
-3.495704292652719314e-01
-3.568092912261394134e-01
-3.631075529399200863e-01
-3.684575571308748576e-01
-3.728775252833901321e-01
-3.763093997039406169e-01
-3.788043289980470019e-01
-3.803275870348119536e-01
-3.808817346508993618e-01
-3.805075285014032360e-01
-3.791726224484079921e-01
-3.769200926004223628e-01
-3.737732395874212576e-01
-3.697164427626675187e-01
-3.647946778535680057e-01
-3.590498141084633721e-01
-3.524663366720339197e-01
-3.451264005959377434e-01
-3.370318205571585790e-01
-3.282333940976326359e-01
-3.187603318245257333e-01
-3.086524180398187434e-01
-2.979528378246741882e-01
-2.866961896723026482e-01
-2.749419520875251433e-01
-2.627327065111753068e-01
-2.500943754823279352e-01
-2.371009688518921354e-01
-2.237718914813420779e-01
-2.101643053141723783e-01
-1.963486074363096079e-01
-1.823462474456165883e-01
-1.681863745088452711e-01
-1.539575269665951485e-01
-1.396753526371635468e-01
-1.253889480347521457e-01
-1.111517401607814148e-01
-9.699389807507892425e-02
-8.294114781218063503e-02
-6.906100185034438899e-02
-5.535808823153222369e-02
-4.190092142283577403e-02
-2.869779476515178784e-02
-1.578542104287570386e-02
-3.173318883970585591e-03
9.107911325791816920e-03
2.100991691997979721e-02
3.255136698846092247e-02
4.367662607107215822e-02
5.440290123211034834e-02
6.470715244473934646e-02
7.457448115429521351e-02
8.402180578939215383e-02
9.301535290291000624e-02
1.015639123790437193e-01
1.096680349412950117e-01
1.173470558264501640e-01
1.245766630907369082e-01
1.313848409563706521e-01
1.377708246529522063e-01
1.437359009415929978e-01
1.493215986889337432e-01
1.545159895550800300e-01
1.593253658330553713e-01
1.637844015526863095e-01
1.679113552953764577e-01
1.717049381656816365e-01
1.752147943053870838e-01
1.784095352396775636e-01
1.813416663652362149e-01
1.840385186903191472e-01
1.864777873902003502e-01
1.887048784192724982e-01
1.907642656461920327e-01
1.926183887614196788e-01
1.943172640440372079e-01
1.958627411649285777e-01
1.973092457791990051e-01
1.986241223856429206e-01
1.998383678448576450e-01
2.009864369620295299e-01
2.020518374745974566e-01
2.030631978181087205e-01
2.040143668527881204e-01
2.049309945422335411e-01
2.058290559740772740e-01
2.066831315530789914e-01
2.075225422280319310e-01
2.083463254270647158e-01
2.091644606073689572e-01
2.099533002348857591e-01
2.107416616340583027e-01
2.114997539809006233e-01
2.122542823232924925e-01
2.129764048434339696e-01
2.136678546044540883e-01
2.143185005144401800e-01
2.149422365730910278e-01
2.154907790722777050e-01
2.159777265209787689e-01
2.163964257089509291e-01
2.167177752407695723e-01
2.169208491266159666e-01
2.170079716184645791e-01
2.169684509454933019e-01
2.167593661464196630e-01
2.163887047980380951e-01
2.158165921692528910e-01
2.150362068481478373e-01
2.140454778027564287e-01
2.128099330982642368e-01
2.112899914406956847e-01
2.094903664582746794e-01
2.073936372057347544e-01
2.049879061601700692e-01
2.022387570744764718e-01
1.991161770279834264e-01
1.956414360115897033e-01
1.917904396349097151e-01
1.875378471580605999e-01
1.828952412636810354e-01
1.777940592402399156e-01
1.722866636200096058e-01
1.663617532013383915e-01
1.599747665695603616e-01
1.531512936275477854e-01
1.458759541449866637e-01
1.381891989906217921e-01
1.300373351843926994e-01
1.214766194958434298e-01
1.124787290156340769e-01
1.030578142226076105e-01
9.326399838024870825e-02
8.307227304827302650e-02
7.251167842149315590e-02
6.161491736040713985e-02
5.039260900130600185e-02
3.886365537116261148e-02
2.710041273089009578e-02
1.507092615255783627e-02
2.832954413477400263e-03
-9.546761751592967513e-03
-2.209428453135855661e-02
-3.471896713721228656e-02
-4.740658377067853008e-02
-6.011998567044771202e-02
-7.281990370825233705e-02
-8.544884155181306506e-02
-9.799533964251687379e-02
-1.103572655521788543e-01
-1.225632240526943195e-01
-1.345121043680856388e-01
-1.461884077126034132e-01
-1.575641537571743078e-01
-1.685597366323839663e-01
-1.791433518504038369e-01
-1.892950921177914136e-01
-1.989668947846900404e-01
-2.081223530719062964e-01
-2.167333641613504169e-01
-2.247403508305722553e-01
-2.321181871099201877e-01
-2.388706384406577288e-01
-2.449371757031391927e-01
-2.502951376559698904e-01
-2.549493948646457397e-01
-2.588502729453651674e-01
-2.619532601132535388e-01
-2.643394331132510322e-01
-2.659258563782544993e-01
-2.667223826846040202e-01
-2.667444327173684182e-01
-2.659598566727024438e-01
-2.643845449439355400e-01
-2.620193034631457252e-01
-2.588834473326117047e-01
-2.549885036767400304e-01
-2.503239748674797593e-01
-2.449453598691261336e-01
-2.388549494892975855e-01
-2.320673218849685637e-01
-2.246082688331459409e-01
-2.165129709749848697e-01
-2.078352392697768170e-01
-1.985720768618169096e-01
-1.887879392125746958e-01
-1.784909565178743329e-01
-1.677394679356908336e-01
-1.565599620397465086e-01
-1.449932296953993782e-01
-1.331008299176906218e-01
-1.209433569001706066e-01
-1.085060269198268035e-01
-9.588284400585309064e-02
-8.309761977930245347e-02
-7.015642605769770168e-02
-5.719766709209564426e-02
-4.419246220119741470e-02
-3.120191310242554500e-02
-1.828230318916753555e-02
-5.477650237812494230e-03
7.218459865907848882e-03
1.972519198174924049e-02
3.202939816407387313e-02
4.405273964598689640e-02
5.581279935828833971e-02
6.728352669380714690e-02
7.837284948448110244e-02
8.912180042166148453e-02
9.948498318769843918e-02
1.094283282642726923e-01
1.189442197998549500e-01
1.280334335333968010e-01
1.366400979943511174e-01
1.448198275525300338e-01
1.524865332330755385e-01
1.596862968170367214e-01
1.664019320162883619e-01
1.726365756408639873e-01
1.783977746446180068e-01
1.837025216319284615e-01
1.884963205827903943e-01
1.928320032137964268e-01
1.967309026286385709e-01
2.001656679109097836e-01
2.031940557549435089e-01
2.057985321212917329e-01
2.080097406703931562e-01
2.098390214313173574e-01
2.113273054757398850e-01
2.124427955593915784e-01
2.132667120811883588e-01
2.137697662459185355e-01
2.139918296603544323e-01
2.139704368306713511e-01
2.136872308559132072e-01
2.132066044452166076e-01
2.125105214742322168e-01
2.116426272287529609e-01
2.106246994565237063e-01
2.094439616550604344e-01
2.081878249743308318e-01
2.067927236322544826e-01
2.053334097407649717e-01
2.037895392305267284e-01
2.022047022332284505e-01
2.005347272198040043e-01
1.988635601194507496e-01
1.971691395757193266e-01
1.954780014552156275e-01
1.937665288848857137e-01
1.920703545708552229e-01
1.903662644013818794e-01
1.886937996206119461e-01
1.870243262686770713e-01
1.853887075579520038e-01
1.837563079511919384e-01
1.821409217571378358e-01
1.805420500993641097e-01
1.789527320191144077e-01
1.773482487806006813e-01
1.757598007736148604e-01
1.741415129311975063e-01
1.724873061952992004e-01
1.708466868243092018e-01
1.691155363655854338e-01
