-5.960464483090177623e-09
1.398747829570046175e-02
2.725422516530220940e-02
3.977714951067720661e-02
5.153720332953140582e-02
6.251926033705174079e-02
7.270799243659595290e-02
8.209516768386385110e-02
9.067000232906674562e-02
9.842921658633488335e-02
1.053692831241454242e-01
1.114933692946032673e-01
1.168052612718376848e-01
1.213114197803815686e-01
1.250220184251314981e-01
1.279481999989350582e-01
1.301053518703882417e-01
1.315125674058355010e-01
1.321965231795327322e-01
1.321667861139929068e-01
1.314601343452552473e-01
1.300920115789071796e-01
1.281039464827828100e-01
1.255247767613661969e-01
1.223759746823638861e-01
1.187074618949213178e-01
1.145480268776574440e-01
1.099312825899440293e-01
1.048936313400622433e-01
9.948498309373204895e-02
9.374113582060164540e-02
8.768920006046057591e-02
8.138362700742990397e-02
7.485167165087419638e-02
6.814813364048113997e-02
6.129644777777865094e-02
5.434563522063973195e-02
4.733135067591015543e-02
4.028225638513972806e-02
3.324357945621067567e-02
2.624327162652154155e-02
1.931761363722159230e-02
1.249125055058192268e-02
5.805948136108546320e-03
-7.236896022154298835e-04
-7.069217668614527494e-03
-1.320554443234397968e-02
-1.911564066257057104e-02
-2.477974299120981605e-02
-3.018485788527146274e-02
-3.531425811372564116e-02
-4.015733533885774975e-02
-4.470612872578962060e-02
-4.896494494846741208e-02
-5.291419699346827654e-02
-5.656451139430010433e-02
-5.992434149745008709e-02
-6.298938046612291564e-02
-6.575878276320072657e-02
-6.825798730959067862e-02
-7.049996388122942159e-02
-7.247791277343038074e-02
-7.422743851476620858e-02
-7.576875764566429194e-02
-7.709801172601173092e-02
-7.825358274921938306e-02
-7.925110202686036498e-02
-8.011863696070625762e-02
-8.087765978550469359e-02
-8.154527291714949722e-02
-8.216444238382150655e-02
-8.274282525806674060e-02
-8.331987730410422843e-02
-8.390620573084257849e-02
-8.454623550004322641e-02
-8.525044838522533031e-02
-8.604220046763420837e-02
-8.696351313448894005e-02
-8.801431709219040278e-02
-8.922413512336781205e-02
-9.061614535745332599e-02
-9.221816054269035834e-02
-9.402029614312676364e-02
-9.605643795299222132e-02
-9.834034821993639652e-02
-1.008757260261264194e-01
-1.036746000294996584e-01
-1.067480535503031042e-01
-1.100908140313623801e-01
-1.137102740183577043e-01
-1.176035276534957430e-01
-1.217634874092260316e-01
-1.262051726404654350e-01
-1.308947969195593808e-01
-1.358301634091928778e-01
-1.410114662647418415e-01
-1.464061422965348691e-01
-1.520015135984085219e-01
-1.577871885957147224e-01
-1.637346547215983439e-01
-1.698223069145703423e-01
-1.760160177451949581e-01
-1.823004838745902190e-01
-1.886388755839426834e-01
-1.950028887404228750e-01
-2.013585840296210072e-01
-2.076877110212300148e-01
-2.139313250318601034e-01
-2.200675777422857193e-01
-2.260722687961329302e-01
-2.318889505954619124e-01
-2.374950151894909822e-01
-2.428501088731718771e-01
-2.479275726915009526e-01
-2.526662143536226868e-01
-2.570583775204512422e-01
-2.610602079910072648e-01
-2.646426222378924220e-01
-2.677662446684668796e-01
-2.703961922033962240e-01
-2.725135782779091187e-01
-2.740892288227507745e-01
-2.750966739973960684e-01
-2.754995337704164160e-01
-2.752967946331645877e-01
-2.744572634963539093e-01
-2.729511384215828618e-01
-2.707938047525531022e-01
-2.679481876516457417e-01
-2.644101699450527310e-01
-2.601649910793712994e-01
-2.552371851227331345e-01
-2.495944310291149382e-01
-2.432473363306336123e-01
-2.362111460235896132e-01
-2.284756514772886826e-01
-2.200540120577858250e-01
-2.109714257771310997e-01
-2.012454867388393520e-01
-1.908763198953543072e-01
-1.799031576786606912e-01
-1.683303884679202833e-01
-1.562056776290283167e-01
-1.435428178533290078e-01
-1.303833035474607216e-01
-1.167522770646957780e-01
-1.027007967447771675e-01
-8.824248230417239269e-02
-7.344383210915772509e-02
-5.831708499907016507e-02
-4.292392224771333226e-02
-2.731085603386372226e-02
-1.150588300232890937e-02
4.446111260739044058e-03
2.047790381328111475e-02
3.656065982827261251e-02
5.265545175676450418e-02
6.870305710755196527e-02
8.464974386954382535e-02
1.004704489341695373e-01
1.161138757168280189e-01
1.315275505127284361e-01
1.466823532057923984e-01
1.615295118314528655e-01
1.760239733489847580e-01
1.901441429792794791e-01
2.038267815903673508e-01
2.170531181134350285e-01
2.298124702511534223e-01
2.420305738330399969e-01
2.536942509086319575e-01
2.647990284909205183e-01
2.752853708155444390e-01
2.851474525515191316e-01
2.943646843068908336e-01
3.029203918225610859e-01
3.107916861036096878e-01
3.179677657194368567e-01
3.244492261709170933e-01
3.302054088771045892e-01
3.352422315791616092e-01
3.395549160862079141e-01
3.431416282314174726e-01
3.459963218931917384e-01
3.481179290552828265e-01
3.495281761098487094e-01
3.502196087292028248e-01
3.501958965970968785e-01
3.494701897224630205e-01
3.480660970709489876e-01
3.459805171149524239e-01
3.432349019710457250e-01
3.398468741913751034e-01
3.358473888623569326e-01
3.312327033683831190e-01
3.260343853914863810e-01
3.202707873544785033e-01
3.139828169035313588e-01
3.071723940217406801e-01
2.998759311035975039e-01
2.921186906378105963e-01
2.839239087947911244e-01
2.753356507045390811e-01
2.663657985785316540e-01
2.570460181907409103e-01
2.474181551209772567e-01
2.374958999538459015e-01
2.273197368542012597e-01
2.169135530555431068e-01
2.063197063302458778e-01
1.955584378370169851e-01
1.846584980096793727e-01
1.736378024272115794e-01
1.625344934682964315e-01
1.513867359535432111e-01
1.402083285644762367e-01
1.290327528092379550e-01
1.178574084911260811e-01
1.067355243462163039e-01
9.567565197361098395e-02
8.469484155682423243e-02
7.380370219233160778e-02
6.302324369162926043e-02
5.237670472387608023e-02
4.186660313946553857e-02
3.149451528500925995e-02
2.128005135609480764e-02
1.123673114004518359e-02
1.349999882664616041e-03
-8.389012556981007701e-03
-1.793760988309988855e-02
-2.733359514682424593e-02
-3.656396917334706065e-02
-4.564250812007053515e-02
-5.457303072904232805e-02
-6.336135345664550833e-02
-7.201957518085777554e-02
-8.055020441117295704e-02
-8.898548341834525144e-02
-9.729418138435982910e-02
-1.055295742632187811e-01
-1.136845337325605859e-01
-1.217821338484890714e-01
-1.298261456094704225e-01
-1.378310620497933958e-01
-1.458093771399657512e-01
-1.537916436922818486e-01
-1.617228688206351073e-01
-1.696885217905406418e-01
-1.776640626674654277e-01
-1.856515226528042684e-01
-1.936652036431447677e-01
-2.016996183281750121e-01
-2.097779890033853178e-01
-2.178648747385790452e-01
-2.260008828534711967e-01
-2.341470663325763701e-01
-2.423147348582565808e-01
-2.504977537134281951e-01
-2.586887365850779608e-01
-2.668543674224463369e-01
-2.750166618631164073e-01
-2.831134954736238551e-01
-2.911553168523047241e-01
-2.991335940607781629e-01
-3.070000601760615178e-01
-3.147434841849701126e-01
-3.223415654002592667e-01
-3.297503297594830962e-01
-3.369702750117284373e-01
-3.439453131158333732e-01
-3.506625294260247161e-01
-3.570672129330453859e-01
-3.631638852873239620e-01
-3.688743665199869515e-01
-3.742024856669756705e-01
-3.791017711533556378e-01
-3.835394155693484519e-01
-3.874706411258890260e-01
-3.908794248449472541e-01
-3.937142749658468777e-01
-3.959616057977787262e-01
-3.975756144308207340e-01
-3.985245832082985884e-01
-3.988014800831758411e-01
-3.983602620970882469e-01
-3.971872417229529439e-01
-3.952421106861379596e-01
-3.925146635804411810e-01
-3.889925236752754811e-01
-3.846337039346063302e-01
-3.794716764496902095e-01
-3.734438169414061592e-01
-3.665705691610838812e-01
-3.588517555025956263e-01
-3.502631707097814684e-01
-3.408384425433527709e-01
-3.305513160902968095e-01
-3.194114687178881140e-01
-3.074631800051137454e-01
-2.946890768979938957e-01
-2.811325437903104962e-01
-2.667903669071352013e-01
-2.517222302873183826e-01
-2.359283174817289330e-01
-2.194424777716402764e-01
-2.023301428387069278e-01
-1.845859923093275123e-01
-1.662974358642084205e-01
-1.474839958384943361e-01
-1.281778888336210509e-01
-1.084685930773864743e-01
-8.836546070264039709e-02
-6.795972329773741771e-02
-4.726597085184765928e-02
-2.638265078283253545e-02
-5.335885793523259535e-03
1.581008814970401646e-02
3.697796587602860535e-02
5.815258875443884978e-02
7.923446310946778703e-02
1.001841105706796076e-01
1.209458866820541517e-01
1.414626727458432875e-01
1.616857230905262288e-01
1.815490389421409445e-01
2.010072355897716545e-01
2.200222066919123032e-01
2.385434466750428195e-01
2.565304310309777236e-01
2.739282046465569831e-01
2.907141641446212010e-01
3.068377280269478091e-01
3.222878088779053685e-01
3.370055481962588306e-01
3.510022578716879282e-01
3.642318100582039864e-01
3.766846750405214994e-01
3.883327081075644838e-01
3.991615988362831047e-01
4.091870401348001729e-01
4.183884623712059159e-01
4.267254925319690084e-01
4.342487657070180918e-01
4.409271206679529209e-01
4.467922571856040026e-01
4.518241885433915694e-01
4.560418116449294068e-01
4.594600917139197715e-01
4.621079817029436487e-01
4.639635464643818707e-01
4.650542355213608259e-01
4.654169659227031519e-01
4.650594307022449247e-01
4.640031932923854852e-01
4.622596452687210977e-01
4.598858446385412635e-01
4.568740580067597867e-01
4.532643162181306251e-01
4.490775983470281507e-01
4.443549613162663392e-01
4.390938761246902522e-01
4.333388687397983219e-01
4.271345193855387579e-01
4.204733470733164058e-01
4.134043114324733037e-01
4.059686899711169028e-01
3.981734691144113714e-01
3.900427675459697263e-01
3.816066265897422038e-01
3.729125391801076383e-01
3.639497587759439323e-01
3.547852808640277744e-01
3.454206264085594724e-01
3.358541883793986216e-01
3.261624919632584718e-01
3.163354639129767887e-01
3.064081540951166804e-01
2.963815795390304930e-01
2.863083102600798568e-01
2.761680675277791153e-01
2.659877772201008073e-01
2.558066330629580332e-01
2.456256945799341063e-01
2.354330938495956815e-01
2.253036756001071672e-01
2.151824951598621249e-01
2.050871154634230920e-01
1.950706877858288668e-01
1.851001821862248153e-01
1.751973918303559863e-01
1.653400974666677237e-01
1.555814958267789372e-01
1.458601300614601748e-01
1.362211743282221721e-01
1.266537173511681769e-01
1.171410200498049919e-01
1.076927304565840626e-01
9.830287523480948919e-02
8.895393400889550772e-02
7.966810302537710720e-02
7.040401152294878395e-02
6.117087173512283926e-02
5.195045626532408811e-02
4.276562874521466773e-02
3.358378348500012933e-02
2.438718967275887994e-02
1.519087791101003324e-02
5.958787806286948777e-03
-3.284266551944092088e-03
-1.259134429857104720e-02
-2.190526126384785555e-02
-3.130450142216596732e-02
-4.073936603393592260e-02
-5.024977953547818399e-02
-5.981506026459844361e-02
-6.945345345640321910e-02
-7.917819385355968909e-02
-8.897312576857394073e-02
-9.883876506184210986e-02
-1.087667079494310796e-01
-1.187977530151380912e-01
-1.288735117800576258e-01
-1.390175002219042055e-01
-1.492294015678454211e-01
-1.594795626097335051e-01
-1.697999427343374335e-01
-1.801525302039689580e-01
-1.905194389740117733e-01
-2.008979127901936446e-01
-2.112791477183669775e-01
-2.216705634173385675e-01
-2.319897875603676440e-01
-2.422845191864927417e-01
-2.525326056027570321e-01
-2.626836122606212021e-01
-2.727533479406665795e-01
-2.826823735675367821e-01
-2.924988081661288319e-01
-3.021478882939757638e-01
-3.116320482258460589e-01
-3.209046095887233552e-01
-3.299520823144097004e-01
-3.387579195181893432e-01
-3.472882526579782470e-01
-3.555348925668059268e-01
-3.634388081920885138e-01
-3.710370103221624638e-01
-3.782322642492156328e-01
-3.850776597603079998e-01
-3.914931193922910890e-01
-3.974672251723150307e-01
-4.029767186171407389e-01
-4.079853342612009826e-01
-4.125218698451912358e-01
-4.164959396120284651e-01
-4.199092242822302090e-01
-4.227594646008883128e-01
-4.249869733997748700e-01
-4.266119456169543689e-01
-4.275704906964367669e-01
-4.278767470988879551e-01
-4.274997100047474019e-01
-4.264241228802930772e-01
-4.246347972067044396e-01
-4.221023251236343254e-01
-4.188183505211914293e-01
-4.147924844761794461e-01
-4.100004001533341103e-01
-4.044470569975551211e-01
-3.981055273373781400e-01
-3.909616019056721958e-01
-3.830403730005162988e-01
-3.743615137802056014e-01
-3.648890612719041804e-01
-3.546358610173811488e-01
-3.435948447679696982e-01
-3.318528664660981842e-01
-3.193506379336982226e-01
-3.061213641011042985e-01
-2.921976662056967045e-01
-2.775850926121287143e-01
-2.623491572242711567e-01
-2.464765849548600229e-01
-2.300388034842475449e-01
-2.129989260250003125e-01
-1.954715493735053045e-01
-1.774616411086260837e-01
-1.590239565570851776e-01
-1.401818641675041666e-01
-1.210010533740969174e-01
-1.015329694505184843e-01
-8.180400914185963213e-02
-6.189147711529469076e-02
-4.183399261881023956e-02
-2.168080502560779110e-02
-1.503550943007893326e-03
1.867128718859036030e-02
3.875691973318154404e-02
5.872400371318561851e-02
