-1.192092896618035525e-08
1.901957291103228975e-02
3.758902186242063514e-02
5.570455960551001784e-02
7.336203472308355789e-02
9.055869248385362003e-02
1.072876824649994232e-01
1.235448724519790376e-01
1.393199154847453158e-01
1.546045784423377145e-01
1.693908878294533293e-01
1.836712645169031322e-01
1.974311147232131747e-01
2.106647119983918737e-01
2.233580224767626743e-01
2.354967028170819598e-01
2.470721037543198717e-01
2.580712155131921204e-01
2.684845416707429822e-01
2.782955229210262171e-01
2.874914791217963450e-01
2.960600336622947193e-01
3.039912475760408461e-01
3.112720320949008967e-01
3.178866560731930524e-01
3.238362822961422527e-01
3.291011008167827878e-01
3.336654202481653120e-01
3.375315466650999907e-01
3.406871861087037434e-01
3.431292684560247053e-01
3.448496729954364515e-01
3.458382241148895697e-01
3.460913895076366265e-01
3.456218327800831824e-01
3.444072638102128048e-01
3.424595383279868122e-01
3.397826473040054807e-01
3.363673341255717375e-01
3.322241492258184437e-01
3.273612983476257843e-01
3.217793586379302795e-01
3.154889151264555491e-01
3.085120395913482083e-01
3.008333082719181761e-01
2.924838196806175961e-01
2.834788463826125038e-01
2.738193081942438267e-01
2.635387986512697789e-01
2.526383379500633519e-01
2.411502755860001623e-01
2.290810170357625020e-01
2.164681480643462219e-01
2.033089767022824845e-01
1.896528396704936781e-01
1.755127871867984690e-01
1.609003190520172932e-01
1.458577602388327621e-01
1.304100915834465468e-01
1.145706601899339205e-01
9.838086351143976449e-02
8.186154535347833772e-02
6.503887287536166961e-02
4.793771939762087042e-02
3.059844551100363019e-02
1.304850938229511204e-02
-4.688988604415619821e-03
-2.257606736929856917e-02
-4.059982403364667536e-02
-5.871695051909461838e-02
-7.690081437315918200e-02
-9.511997787305803698e-02
-1.133474267505742705e-01
-1.315492071420479303e-01
-1.497080468930021835e-01
-1.677845429131268884e-01
-1.857456119777810555e-01
-2.035772331058750273e-01
-2.212439380543911316e-01
-2.387073197703896144e-01
-2.559598196323933372e-01
-2.729785378205293878e-01
-2.896983261971028401e-01
-3.061366369069706828e-01
-3.222512503148246554e-01
-3.380127606380771144e-01
-3.534097526306421710e-01
-3.684162178394984610e-01
-3.830078620519981603e-01
-3.971635564318453659e-01
-4.108649812930021961e-01
-4.240874384847101441e-01
-4.368314244485389519e-01
-4.490628337560230721e-01
-4.607665557476826601e-01
-4.719454673897256480e-01
-4.825627482014954173e-01
-4.926198986058539231e-01
-5.021160204620096490e-01
-5.110296138321137605e-01
-5.193487572777106820e-01
-5.270681016558020904e-01
-5.341982020092923555e-01
-5.407158189405547599e-01
-5.466310713887643224e-01
-5.519374394016358654e-01
-5.566385285436865615e-01
-5.607275894273979766e-01
-5.642157933601906761e-01
-5.671084909158931042e-01
-5.694049232421066753e-01
-5.711118141249110769e-01
-5.722369734804428898e-01
-5.727942658102587181e-01
-5.727821557834328337e-01
-5.722230854648245879e-01
-5.711285733949847954e-01
-5.695070376884068253e-01
-5.673659299744417961e-01
-5.647201845834651790e-01
-5.615959644041064180e-01
-5.579911765674063773e-01
-5.539393979250479827e-01
-5.494358771548296660e-01
-5.445149966048201673e-01
-5.391833587381320569e-01
-5.334523489852510680e-01
-5.273556767660744216e-01
-5.208917640624826095e-01
-5.140802311013241699e-01
-5.069274106445007533e-01
-4.994850857098637742e-01
-4.917297842059234481e-01
-4.836880211737707991e-01
-4.753810611181728540e-01
-4.668179795070908078e-01
-4.580060212163996614e-01
-4.489646765858228972e-01
-4.397150611838657186e-01
-4.302543177833321741e-01
-4.206054767752503420e-01
-4.107621289793223496e-01
-4.007480696076446414e-01
-3.905694207751306823e-01
-3.802346780879661270e-01
-3.697502658230031880e-01
-3.591327277646702565e-01
-3.483708829252260553e-01
-3.374965140462161117e-01
-3.264902819907358755e-01
-3.153683353122503363e-01
-3.041396902258943213e-01
-2.928034533876594514e-01
-2.813540583088623981e-01
-2.698106378363133162e-01
-2.581778880177790780e-01
-2.464431155617970437e-01
-2.346170608997398821e-01
-2.227235631363226054e-01
-2.107393851537358309e-01
-1.986657168733258760e-01
-1.865380423090475803e-01
-1.743129825637266261e-01
-1.620327844138446660e-01
-1.496839349563892918e-01
-1.372756118575388096e-01
-1.248227222438439421e-01
-1.123184573190019742e-01
-9.974761392354838940e-02
-8.714624850692564983e-02
-7.453921212888206527e-02
-6.187787401581880398e-02
-4.922706304566486224e-02
-3.655616096091147266e-02
-2.389723774728887140e-02
-1.125085220901719807e-02
1.362671537206344707e-03
1.393281091880775591e-02
2.646077646869363087e-02
3.890565066183683529e-02
5.127692495762151137e-02
6.354120228859019837e-02
7.568887517410406718e-02
8.770432403854780401e-02
9.954407019720537542e-02
1.112297414414213925e-01
1.227066490235819707e-01
1.339726176516037037e-01
1.449909687443027562e-01
1.557580038378834353e-01
1.662248814408372466e-01
1.763967969163222071e-01
1.862330874168249273e-01
1.957254112451553840e-01
2.048326489008186757e-01
2.135336366456053458e-01
2.218082144490553520e-01
2.296411224277703500e-01
2.369934236711003228e-01
2.438623845769989362e-01
2.502006752328925776e-01
2.559997755645412876e-01
2.612490472797209806e-01
2.659160183424612578e-01
2.699861071108334842e-01
2.734544488347388502e-01
2.762882020666493355e-01
2.784717896507711288e-01
2.800077623548941630e-01
2.808820431335836143e-01
2.810728999532613459e-01
2.805937662007509381e-01
2.794006143899409600e-01
2.775251592529016098e-01
2.749648357725799630e-01
2.716995385736717394e-01
2.677677647766648072e-01
2.631218516890522219e-01
2.578143158337175000e-01
2.518375079468873068e-01
2.451932233664875782e-01
2.379019150480043976e-01
2.299692807221292434e-01
2.214295220699231959e-01
2.123029715636813586e-01
2.025944466263772392e-01
1.923229541500859618e-01
1.815517042927504987e-01
1.702505471462986419e-01
1.584732894016337157e-01
1.462625769816900678e-01
1.336363246684321437e-01
1.206187339281531157e-01
1.072453700748783878e-01
9.355352615560598439e-02
7.957047443825797373e-02
6.534806392982203671e-02
5.090458339397402332e-02
3.627277359400080115e-02
2.151944236478581240e-02
6.640196922106662847e-03
-8.296564907197663541e-03
-2.328291721575505638e-02
-3.825040822313476030e-02
-5.319444447497453932e-02
-6.806336089577103010e-02
-8.283657035865159279e-02
-9.743840137306206128e-02
-1.118906162278330285e-01
-1.261298979521840447e-01
-1.401274517523720675e-01
-1.538646732353823599e-01
-1.672814385339927434e-01
-1.804083653287288924e-01
-1.931606328274226569e-01
-2.055447580061681989e-01
-2.175378795869167825e-01
-2.291043803577182680e-01
-2.402375763602395964e-01
-2.509130585014245907e-01
-2.610981442126350527e-01
-2.708221522282677207e-01
-2.800247239708404945e-01
-2.887120619247586784e-01
-2.968876698457343921e-01
-3.045265987049183831e-01
-3.116198988822592164e-01
-3.181917045003959110e-01
-3.242054163564232483e-01
-3.296857662011239976e-01
-3.346120188265764850e-01
-3.389997894749709473e-01
-3.428389969019761674e-01
-3.461714023635614201e-01
-3.489393574947748933e-01
-3.512187766652418719e-01
-3.529864563221674079e-01
-3.542524587153128568e-01
-3.550233058038391731e-01
-3.553439456250414574e-01
-3.551720386973608035e-01
-3.545763169349142596e-01
-3.535407159626974272e-01
-3.520698108258200065e-01
-3.502280267375285083e-01
-3.479723535877981555e-01
-3.453699581402774887e-01
-3.423989820661102468e-01
-3.390936796340570103e-01
-3.354807323281702724e-01
-3.315368463387127762e-01
-3.273440337428712432e-01
-3.228520709176348480e-01
-3.181156858575589497e-01
-3.131430373454474059e-01
-3.079295081117187638e-01
-3.025340361094042141e-01
-2.969440585704613556e-01
-2.911455336904343327e-01
-2.852061126208668695e-01
-2.791080919083784861e-01
-2.728673304877018424e-01
-2.664799122817450572e-01
-2.599871277531765057e-01
-2.533772387720828467e-01
-2.466717199640442171e-01
-2.398752218354376908e-01
-2.329808231808330743e-01
-2.260111965202355744e-01
-2.189758587272507273e-01
-2.118587924770957420e-01
-2.047003954495906497e-01
-1.974741277211865542e-01
-1.902040821425141082e-01
-1.828590419420255131e-01
-1.755018282401935581e-01
-1.680824519177716303e-01
-1.606210239524517858e-01
-1.531343376251546318e-01
-1.456030732425444008e-01
-1.380222130420906690e-01
-1.304002568548079111e-01
-1.227580516584838299e-01
-1.150720705364090962e-01
-1.073499251998902976e-01
-9.959718982777525376e-02
-9.182150775241512686e-02
-8.399047461021914851e-02
-7.612658198231876672e-02
-6.824110850372054615e-02
-6.033011814473934059e-02
-5.238160325277241292e-02
-4.440414325633108839e-02
-3.641240794460433305e-02
-2.840404548406300078e-02
-2.034854877690556868e-02
-1.229234798234709464e-02
-4.237998393726599700e-03
3.846637143435856915e-03
1.191460344499271906e-02
1.998249121092776984e-02
2.804738642193104967e-02
3.605678299557958655e-02
4.406592694674192623e-02
5.201983478209025458e-02
5.994346041749871318e-02
6.779971976922941068e-02
7.558942701356750893e-02
8.330624777727908825e-02
9.093221865416918626e-02
9.843947339255269824e-02
1.058483281848034696e-01
1.130941319338455708e-01
1.202114014026093303e-01
1.271635174294201698e-01
1.339305175475465348e-01
1.405073408580300165e-01
1.468742061692598910e-01
1.530102430081958786e-01
1.589016151782848829e-01
1.645412070759702250e-01
1.698804582196167257e-01
1.749436530570278037e-01
1.796925824428147467e-01
1.841055538393463753e-01
1.881826401124577774e-01
1.919094091641423416e-01
1.952577365221108696e-01
1.982089658060021409e-01
2.007751872390860504e-01
2.029306080492450648e-01
2.046349464633310800e-01
2.059323702469179895e-01
2.067753012792681588e-01
2.071642669874951825e-01
2.070846145637992575e-01
2.065515526306926919e-01
2.055450971181376763e-01
2.040582303550786958e-01
2.021107791653482533e-01
1.996899154301583212e-01
1.967601176649471373e-01
1.933885758843680580e-01
1.895470900599006137e-01
1.852331699001722731e-01
1.805107762990573739e-01
1.753095739153181787e-01
1.696576142787579733e-01
1.636425993174834836e-01
1.571911422975587336e-01
1.503565588366518047e-01
1.431581555879977152e-01
1.356146813444326915e-01
1.277295104783176538e-01
1.195357547762295608e-01
1.110565278649419813e-01
1.023176447263230565e-01
9.334863736735399264e-02
8.415527846018538982e-02
7.477896567812547524e-02
6.526535744614976597e-02
5.558645275008026326e-02
4.583124464736578613e-02
3.600226841038316195e-02
2.614041606952226607e-02
1.626926723631610255e-02
6.398696486129930305e-03
-3.390280357834684483e-03
-1.312133914779965715e-02
-2.274319854444408623e-02
-3.223613239827263777e-02
-4.151996629666876437e-02
-5.066659231763116777e-02
-5.956745568879937003e-02
-6.822578386747780999e-02
-7.658768045616951015e-02
-8.466250589638307789e-02
-9.242867559863689186e-02
-9.984954240917592871e-02
-1.068783361783868235e-01
-1.135240406057613782e-01
-1.197957905653826705e-01
-1.256428225706007762e-01
-1.310434545064023681e-01
-1.359981280196232989e-01
-1.404962764632778360e-01
-1.445419788866340316e-01
-1.480840656333819449e-01
-1.511536977418186656e-01
-1.537269161315991672e-01
-1.558020057155027061e-01
-1.574224581664216416e-01
-1.584848379502917792e-01
-1.590693527899259552e-01
-1.591947486068134854e-01
-1.588007045520767047e-01
-1.579401882706277793e-01
-1.565915782317676974e-01
-1.548107337183707854e-01
-1.525348580106485330e-01
-1.498637803234940946e-01
-1.467376773454937000e-01
-1.431810717025944202e-01
-1.392293072985815172e-01
-1.348864630696449129e-01
-1.301769335460365717e-01
-1.250961883174111222e-01
-1.197030341142801546e-01
-1.139520260468298296e-01
-1.079330399121379847e-01
-1.016219986265579356e-01
-9.501941839986119409e-02
-8.818855314124326994e-02
-8.109085571478384658e-02
-7.385211503236041586e-02
-6.636579498448648418e-02
-5.869501936680007748e-02
-5.089207517103601364e-02
-4.293653476724107465e-02
-3.486048020971507788e-02
-2.665823556130673955e-02
-1.835122283723993053e-02
-9.984639018845241354e-03
-1.554640118927703984e-03
6.945921257705822693e-03
1.548913500973098795e-02
2.406340373489825393e-02
3.266058912668320241e-02
4.123679815121686354e-02
4.982262609403338011e-02
5.840618600661859339e-02
6.698230143724985541e-02
7.553437574456847714e-02
8.401920992228137375e-02
9.247939189970416640e-02
1.009171787486780603e-01
1.093447462205308501e-01
1.176533500517777941e-01
1.259338146533096059e-01
1.341589508716722057e-01
1.423453678667878641e-01
1.504844068628065634e-01
1.585146164965250126e-01
1.665274579611200623e-01
1.744376409428730623e-01
1.823431431638890821e-01
1.901595123382661678e-01
1.979245408119813254e-01
2.056258643335954761e-01
2.132764862360331526e-01
2.208727307292876474e-01
2.283872150120031808e-01
2.358717626366159947e-01
2.432925427922905115e-01
2.506569764953625601e-01
2.579757772387091252e-01
2.652118494817025107e-01
2.724489522951122900e-01
2.795606688990989186e-01
2.866398735654666075e-01
