1.192092896618035525e-08
-6.317566878246194673e-03
-1.177323036536531697e-02
-1.640800210209714116e-02
-2.026322560149318441e-02
-2.338117234223258123e-02
-2.580270360890568604e-02
-2.757013861235552143e-02
-2.872568850295767473e-02
-2.930996536380417461e-02
-2.936317144406674906e-02
-2.892750782151107258e-02
-2.804330173865723919e-02
-2.675193672854436766e-02
-2.508927362146776141e-02
-2.309402027069057395e-02
-2.080510641866470389e-02
-1.826175822253892078e-02
-1.549296784895273782e-02
-1.253586306713269649e-02
-9.427745930793984819e-03
-6.197886142963293654e-03
-2.872805390767438349e-03
5.152005844601820206e-04
3.935907970852109417e-03
7.362986374076826990e-03
1.077697498497166839e-02
1.414880681941958762e-02
1.746181416215404625e-02
2.069416563578090756e-02
2.382689451818401083e-02
2.684262371406607312e-02
2.972669431542039609e-02
3.246864426921171332e-02
3.504912412572278729e-02
3.747061068123944128e-02
3.971386325503412779e-02
4.177692377840616644e-02
4.365392356774336347e-02
4.533985646748065618e-02
4.683501809331556964e-02
4.813727571430419239e-02
4.924345730502135282e-02
5.016010053348746167e-02
5.089018166640424390e-02
5.143283095562243418e-02
5.179865633115906393e-02
5.198692611990303469e-02
5.200871853168360925e-02
5.187107257628317120e-02
5.158115168329385769e-02
5.115061870909597130e-02
5.057995829780950747e-02
4.988841110602272588e-02
4.907627758703128618e-02
4.816060429318590186e-02
4.714478615668316747e-02
4.604809629346923866e-02
4.486675780219688547e-02
4.361991090520449255e-02
4.230952255297247555e-02
4.094931470720516997e-02
3.954504323491680323e-02
3.810477041561022987e-02
3.663168221891587029e-02
3.513641964963752640e-02
3.361832011882749660e-02
3.208863967285040253e-02
3.054408465060800063e-02
2.899860822306733754e-02
2.744121367481427640e-02
2.587498349356012403e-02
2.430439941708704976e-02
2.272610594550148605e-02
2.113338507258155641e-02
1.953640581811324009e-02
1.791766178546531224e-02
1.628206686715014118e-02
1.461526688006472077e-02
1.291500562014805814e-02
1.117531666856255365e-02
9.393941013823955272e-03
7.543927046832300809e-03
5.640808527358338181e-03
3.655330675038214600e-03
1.585551619737935597e-03
-5.816062374487465658e-04
-2.845480625893558393e-03
-5.235631482482744001e-03
-7.748208454078862537e-03
-1.040237413196658245e-02
-1.320405167657385560e-02
-1.616688115960832062e-02
-1.929841270932360422e-02
-2.261050398432610381e-02
-2.611154592862187721e-02
-2.981703210753015171e-02
-3.371970980186322214e-02
-3.784566288625199060e-02
-4.218959437128096124e-02
-4.676109082360509900e-02
-5.156511248025950900e-02
-5.660783386007986473e-02
-6.189114570646278568e-02
-6.741159141773160612e-02
-7.317726704047798625e-02
-7.918244311896151244e-02
-8.542448555652017161e-02
-9.191040238134903784e-02
-9.862308728504698419e-02
-1.055607232452888400e-01
-1.127217823002087255e-01
-1.200928903968671579e-01
-1.276582156430508541e-01
-1.354196861045866007e-01
-1.433550127635763727e-01
-1.514510038495384681e-01
-1.596957278937380653e-01
-1.680711902864491791e-01
-1.765627064688314873e-01
-1.851431888761999045e-01
-1.938039888513505560e-01
-2.025128827250494701e-01
-2.112566076661542280e-01
-2.200061298170635504e-01
-2.287474224202679929e-01
-2.374455472109799625e-01
-2.460812283110933030e-01
-2.546262047033804321e-01
-2.630591886071866892e-01
-2.713485893287200246e-01
-2.794692761399778513e-01
-2.873995601466183270e-01
-2.951062145275309412e-01
-3.025669148047619994e-01
-3.097569598253404610e-01
-3.166437832340198155e-01
-3.232097729922092100e-01
-3.294238829303191007e-01
-3.352708362540645637e-01
-3.407178705601601187e-01
-3.457425651037636105e-01
-3.503216090954663908e-01
-3.544456783639873265e-01
-3.580947651587530478e-01
-3.612324724291744449e-01
-3.638644276119527565e-01
-3.659606233357859950e-01
-3.675066610456893534e-01
-3.684937685391416751e-01
-3.689183136409451835e-01
-3.687574800071760639e-01
-3.680136749607939572e-01
-3.666799669459381295e-01
-3.647447260391482038e-01
-3.622095220152903305e-01
-3.590779291103307069e-01
-3.553448550086594770e-01
-3.510111987079102547e-01
-3.460872031421997619e-01
-3.405786045566843168e-01
-3.344823724595202274e-01
-3.278282781996492146e-01
-3.206047323626613488e-01
-3.128378955488939073e-01
-3.045427733641394852e-01
-2.957247113977304331e-01
-2.864021575805941744e-01
-2.766098408300460831e-01
-2.663372816443075330e-01
-2.556241652247819296e-01
-2.444944083465896978e-01
-2.329630453388295830e-01
-2.210559965745589606e-01
-2.087916867790191033e-01
-1.962018750216448504e-01
-1.833120264361724761e-01
-1.701384453387858597e-01
-1.567226466691099551e-01
-1.430785166160727928e-01
-1.292374362334943738e-01
-1.152331212712641995e-01
-1.010831146904013073e-01
-8.681654605593303042e-02
-7.247064915206541391e-02
-5.806487660062023548e-02
-4.361840678299244711e-02
-2.918174680224808887e-02
-1.475044507982334503e-02
-3.786839135424338587e-04
1.392411057597363333e-02
2.812595198994523316e-02
4.220633101706282309e-02
5.613013772762272258e-02
6.989766927149529407e-02
8.345652674925815862e-02
9.680791357850231094e-02
1.099284510143002935e-01
1.227859885034769671e-01
1.353732626006723949e-01
1.476693381999071575e-01
1.596518935569184727e-01
1.713092273433660384e-01
1.826379910679253871e-01
1.935997274640882115e-01
2.041987886886776626e-01
2.144202123035469365e-01
2.242580958189606399e-01
2.337021602908311846e-01
2.427306509549445601e-01
2.513527371184708370e-01
2.595623045349110258e-01
2.673345058374372307e-01
2.746979180724656855e-01
2.816234369444893804e-01
2.881241381376467570e-01
2.941971216115362164e-01
2.998332996400667749e-01
3.050420511627213171e-01
3.098324527375126425e-01
3.141855888692858811e-01
3.181233063723132859e-01
3.216419845550844148e-01
3.247462918107366092e-01
3.274482547661670129e-01
3.297411014390129735e-01
3.316472385625760522e-01
3.331531411052199854e-01
3.342756241799713091e-01
3.350213591929127044e-01
3.354010728557587639e-01
3.354074658997711622e-01
3.350547428236714809e-01
3.343461659078791892e-01
3.332954493224666859e-01
3.319036097484580061e-01
3.301650940266478429e-01
3.281032219891875101e-01
3.257018845254845973e-01
3.229885645712212150e-01
3.199467602541576916e-01
3.165953922412788057e-01
3.129161637381221439e-01
3.089370112452615724e-01
3.046392712609665709e-01
3.000348551292431609e-01
2.951155151139558952e-01
2.898937005786840770e-01
2.843557136485073689e-01
2.785144110704645404e-01
2.723654091438473257e-01
2.659019813769688545e-01
2.591305199892531275e-01
2.520503345179576637e-01
2.446472228330144882e-01
2.369335003375392101e-01
2.289127660131105857e-01
2.205639942928143971e-01
2.119065890960956655e-01
2.029261317629988681e-01
1.936289364968853954e-01
1.840159107315662290e-01
1.740917413433414884e-01
1.638445091755018346e-01
1.532951369039842748e-01
1.424417650391936185e-01
1.312749027689049108e-01
1.198199541328519580e-01
1.080685957672403441e-01
9.603169185846127665e-02
8.372880404116919695e-02
7.114189072734296293e-02
5.830967068358716698e-02
4.523059577247121044e-02
3.192170035917538118e-02
1.839675468729047234e-02
4.679564355210982796e-03
-9.243347607957717871e-03
-2.331208490125528249e-02
-3.754308617191762232e-02
-5.189470491747316672e-02
-6.635377729452715534e-02
-8.088171056494389277e-02
-9.548089961624214861e-02
-1.101001759949970377e-01
-1.247295192351721982e-01
-1.393481757718333380e-01
-1.538998413075929328e-01
-1.683705564501857543e-01
-1.827392585971478745e-01
-1.969664294823401385e-01
-2.110178285727108971e-01
-2.248626274111155399e-01
-2.384825515380673000e-01
-2.518282157834386137e-01
-2.648837334169515945e-01
-2.775952277093993725e-01
-2.899375642868650127e-01
-3.018970162494287179e-01
-3.134247865449508175e-01
-3.244851187726903174e-01
-3.350626444100330836e-01
-3.451192119736571362e-01
-3.546375271483994118e-01
-3.635715145335534637e-01
-3.718976715897623353e-01
-3.796112269846438347e-01
-3.866669520570530927e-01
-3.930507964976743818e-01
-3.987512944981476681e-01
-4.037209493851819930e-01
-4.079818237173794548e-01
-4.114850126123023588e-01
-4.142374066799854315e-01
-4.162146711399703491e-01
-4.174210504861813331e-01
-4.178358580971771041e-01
-4.174675347116992286e-01
-4.163127802888934581e-01
-4.143545971202522438e-01
-4.116093095794451928e-01
-4.080805400126587545e-01
-4.037737240789938675e-01
-3.986852541106325476e-01
-3.928527149110542793e-01
-3.862553702879696904e-01
-3.789287792136892263e-01
-3.708921843081396386e-01
-3.621364427659136687e-01
-3.527061360946187607e-01
-3.426292274020537043e-01
-3.318920430347321870e-01
-3.205483019367039721e-01
-3.086226215188667132e-01
-2.961352304802705726e-01
-2.831169597343495825e-01
-2.695840298057319284e-01
-2.555682998763774139e-01
-2.411172671910658538e-01
-2.262486488449267641e-01
-2.109928522641313919e-01
-1.953769150600069282e-01
-1.794389065647069292e-01
-1.632070768955795059e-01
-1.467294333854104182e-01
-1.300092981476124732e-01
-1.130916661448025801e-01
-9.601701037023888108e-02
-7.879657845697793372e-02
-6.147650411691482630e-02
-4.406772967945944697e-02
-2.662529573915170533e-02
-9.153771060692794323e-03
8.306731484532564602e-03
2.572162158285658598e-02
4.309677857194021966e-02
6.037589177202379309e-02
7.752755564667762611e-02
9.457045499464314386e-02
1.114440784129972495e-01
1.281499784172007439e-01
1.446582992133122192e-01
1.609513017523430123e-01
1.770003092660035748e-01
1.928054392238501835e-01
2.083511705046545148e-01
2.236042269291438345e-01
2.385612859048260592e-01
2.532143102485784336e-01
2.675436222287915777e-01
2.815416716531178309e-01
2.952063422321316022e-01
3.085087136410192277e-01
3.214602130754341536e-01
3.340432382701038483e-01
3.462454895161455326e-01
3.580704883648638259e-01
3.695335491276947049e-01
3.806058919565349363e-01
3.912793640378275928e-01
4.015738187680830684e-01
4.114744872109484808e-01
4.209804502286532135e-01
4.300821806279305770e-01
4.388118900968000502e-01
4.471373224521188461e-01
4.550815691172217514e-01
4.626371564701951544e-01
4.697845298119830981e-01
4.765623068225963155e-01
4.829529028219994857e-01
4.889589811423410426e-01
4.945991130245310785e-01
4.998559602830245918e-01
5.047280236531240805e-01
5.092423240271245488e-01
5.133962431649741198e-01
5.171729799045426956e-01
5.205812391403744632e-01
5.236321297022358268e-01
5.263208638428854558e-01
5.286450875093408053e-01
5.306339144756334614e-01
5.322447898958269086e-01
5.335136197494367849e-01
5.344193083139215927e-01
5.349761671473767244e-01
5.351727012015672358e-01
5.350102932110260001e-01
5.345056249891987354e-01
5.336213995342945493e-01
5.323931034526806494e-01
5.308021008115565431e-01
5.288379130044972287e-01
5.265098975689144201e-01
5.238261512374881024e-01
5.207657060949950623e-01
5.173262509936497056e-01
5.135166608046558556e-01
5.093145377985895950e-01
5.047538759626506444e-01
4.997966268136257995e-01
4.944424154181821240e-01
4.887063868444870840e-01
4.825740419292223748e-01
4.760464640943187220e-01
4.691300253384140251e-01
4.618026066718536327e-01
4.540950932682120134e-01
4.459692588431115601e-01
4.374575230805193837e-01
4.285381516488577791e-01
4.192232118722216683e-01
4.095042536831295932e-01
3.993883471726261125e-01
3.888787442062772715e-01
3.780006629039199817e-01
3.667083043573908241e-01
3.550501635012313639e-01
3.430153378455675361e-01
3.305949433011112770e-01
3.178415613373874460e-01
3.047102358390170185e-01
2.912542324678915051e-01
2.774523793499464319e-01
2.633197363897773480e-01
2.488738115190584632e-01
2.341373724576745197e-01
2.191103500268787307e-01
2.038073936056485347e-01
1.882483073751822500e-01
1.724463982245461879e-01
1.564130033634032468e-01
1.401753671225732245e-01
1.237384855187340094e-01
1.071589462510799673e-01
9.041816548988858282e-02
7.354855364057678868e-02
5.657621492999717616e-02
3.951722683302875266e-02
2.242765034668032717e-02
5.286374036389332454e-03
-1.186467290068675753e-02
-2.899268344456597257e-02
-4.606987670630826454e-02
-6.307390630992386338e-02
-7.998049545864810428e-02
-9.675983093365171650e-02
-1.133749015238676994e-01
-1.298085698245390884e-01
-1.460243065836736021e-01
-1.619712509936570288e-01
-1.776722421602359436e-01
-1.930617207501558186e-01
-2.081069442416094151e-01
-2.227916917183234424e-01
-2.370683194975994057e-01
-2.509425097599204402e-01
-2.643631649614907597e-01
-2.773049754925404620e-01
-2.897323556632995789e-01
-3.016331068082208078e-01
-3.129883055450090046e-01
-3.237596925928649672e-01
-3.339250909959988745e-01
-3.434673047658037826e-01
-3.523638527979374158e-01
-3.605877179168629487e-01
-3.681488948724482291e-01
-3.749955350617414362e-01
-3.811446782318239634e-01
-3.865586165361631910e-01
-3.912540663119433715e-01
-3.952043252473667612e-01
-3.984144507912806832e-01
-4.008645842747548538e-01
-4.025544187809459440e-01
-4.034842000159689079e-01
-4.036951760167659664e-01
-4.031387392528392177e-01
