1.282500028610229492e-01
1.194324493408203125e-01
1.112535148859024048e-01
1.036674380302429199e-01
9.663115441799163818e-02
9.010400623083114624e-02
8.404984325170516968e-02
7.843360304832458496e-02
7.322397083044052124e-02
6.839099526405334473e-02
6.390884518623352051e-02
5.975006148219108582e-02
5.589212849736213684e-02
5.231249704957008362e-02
4.899140819907188416e-02
4.591082781553268433e-02
4.305296018719673157e-02
4.040009155869483948e-02
3.793778643012046814e-02
3.565429151058197021e-02
3.353332728147506714e-02
3.156644850969314575e-02
2.974010631442070007e-02
2.804445289075374603e-02
2.647168375551700592e-02
2.500938251614570618e-02
2.365192025899887085e-02
2.239235490560531616e-02
2.122226543724536896e-02
2.013514190912246704e-02
1.912431605160236359e-02
1.818531751632690430e-02
1.731237769126892090e-02
1.650210283696651459e-02
1.574601605534553528e-02
1.504491735249757767e-02
1.439164578914642334e-02
1.378293335437774658e-02
1.321762055158615112e-02
1.269056089222431183e-02
1.219955552369356155e-02
1.174224726855754852e-02
1.131621561944484711e-02
1.091692224144935608e-02
1.054628565907478333e-02
1.019983924925327301e-02
9.875427931547164917e-03
9.573210962116718292e-03
9.289513342082500458e-03
9.024981409311294556e-03
8.776447735726833344e-03
8.544113487005233765e-03
8.324980735778808594e-03
8.121306076645851135e-03
7.928080856800079346e-03
7.746314629912376404e-03
7.576800882816314697e-03
7.416415959596633911e-03
7.264081388711929321e-03
7.121370173990726471e-03
6.986386608332395554e-03
6.857913453131914139e-03
6.736825220286846161e-03
6.623079534620046616e-03
6.513818167150020599e-03
6.409763824194669724e-03
6.310862954705953598e-03
6.216119974851608276e-03
6.126658990979194641e-03
6.040277425199747086e-03
5.958384368568658829e-03
5.879263393580913544e-03
5.803497508168220520e-03
5.730061326175928116e-03
5.660757422447204590e-03
5.593073088675737381e-03
5.527155473828315735e-03
5.464642774313688278e-03
5.403645336627960205e-03
5.343724507838487625e-03
5.286159925162792206e-03
5.231621675193309784e-03
5.176329053938388824e-03
5.123156588524580002e-03
5.071870516985654831e-03
5.020957905799150467e-03
4.971819464117288589e-03
4.923726432025432587e-03
4.876583814620971680e-03
4.830243531614542007e-03
4.784696735441684723e-03
4.739107564091682434e-03
4.696206655353307724e-03
4.652846604585647583e-03
4.609473980963230133e-03
4.568153992295265198e-03
4.526383709162473679e-03
4.485024604946374893e-03
4.445255734026432037e-03
4.405768122524023056e-03
4.366563167423009872e-03
4.327123519033193588e-03
4.288977012038230896e-03
4.250812809914350510e-03
4.213026724755764008e-03
4.175710491836071014e-03
4.139372147619724274e-03
4.101880360394716263e-03
4.065452609211206436e-03
4.030048381537199020e-03
3.994150552898645401e-03
3.958778921514749527e-03
3.923387266695499420e-03
3.888518782332539558e-03
3.853132948279380798e-03
3.818530356511473656e-03
3.784299362450838089e-03
3.750732168555259705e-03
3.716658800840377808e-03
3.682856913655996323e-03
3.649459918960928917e-03
3.615988884121179581e-03
3.583212383091449738e-03
3.549815621227025986e-03
3.517323406413197517e-03
3.485306864604353905e-03
3.452407894656062126e-03
3.420932684093713760e-03
3.389077261090278625e-03
3.357609268277883530e-03
3.325098194181919098e-03
3.294661175459623337e-03
3.263291437178850174e-03
3.231893060728907585e-03
3.201211337000131607e-03
3.170723794028162956e-03
3.139509353786706924e-03
3.109004348516464233e-03
3.079041605815291405e-03
3.048988990485668182e-03
3.019866766408085823e-03
2.989422297105193138e-03
2.959515433758497238e-03
2.930012065917253494e-03
2.900911029428243637e-03
2.871341537684202194e-03
2.842966932803392410e-03
2.813633764162659645e-03
2.785603282973170280e-03
2.756482921540737152e-03
2.728393068537116051e-03
2.700588200241327286e-03
2.672540489584207535e-03
2.644087886437773705e-03
2.616656245663762093e-03
2.588937059044837952e-03
2.561367582529783249e-03
2.533480059355497360e-03
2.506843535229563713e-03
2.480088034644722939e-03
2.452733460813760757e-03
2.426513470709323883e-03
2.399839228019118309e-03
2.373191295191645622e-03
2.346853492781519890e-03
2.321028383448719978e-03
2.295485697686672211e-03
2.270229626446962357e-03
2.243992872536182404e-03
2.217962406575679779e-03
2.193616935983300209e-03
2.167350146919488907e-03
2.143042627722024918e-03
2.118161413818597794e-03
2.093419432640075684e-03
2.068806206807494164e-03
2.045191125944256783e-03
2.020494313910603523e-03
1.996397273615002632e-03
1.972346333786845207e-03
1.948564196936786175e-03
1.925137126818299294e-03
1.901339157484471798e-03
1.877753762528300285e-03
1.855155569501221180e-03
1.831787987612187862e-03
1.808831933885812759e-03
1.786455162800848484e-03
1.763857901096343994e-03
1.741160405799746513e-03
1.719419029541313648e-03
1.697181607596576214e-03
1.675427891314029694e-03
1.653290470130741596e-03
1.631343853659927845e-03
1.610188046470284462e-03
1.589097781106829643e-03
1.567339058965444565e-03
1.546573475934565067e-03
1.525418134406208992e-03
1.504599233157932758e-03
1.484330627135932446e-03
1.464057131670415401e-03
1.443205866962671280e-03
1.423487905412912369e-03
1.403225352987647057e-03
1.383392373099923134e-03
1.363783376291394234e-03
1.344064949080348015e-03
1.324565964750945568e-03
1.305380370467901230e-03
1.285685109905898571e-03
1.267665764316916466e-03
1.249091932550072670e-03
1.230386085808277130e-03
1.212022849358618259e-03
1.193052274174988270e-03
1.175710232928395271e-03
1.157572143711149693e-03
1.139045576564967632e-03
1.121453242376446724e-03
1.103711663745343685e-03
1.086953794583678246e-03
1.069755991920828819e-03
1.052422332577407360e-03
1.035590190440416336e-03
1.018928480334579945e-03
1.001778058707714081e-03
9.854147210717201233e-04
9.693275787867605686e-04
9.528676746413111687e-04
9.365694131702184677e-04
9.208024712279438972e-04
9.052720270119607449e-04
8.894788334146142006e-04
8.739726035855710506e-04
8.587426273152232170e-04
8.436987991444766521e-04
8.289186516776680946e-04
8.137657423503696918e-04
7.989938021637499332e-04
7.841029437258839607e-04
7.702443399466574192e-04
7.554189069196581841e-04
7.416294538415968418e-04
7.277139811776578426e-04
7.142990361899137497e-04
6.999873439781367779e-04
6.869866047054529190e-04
6.735340575687587261e-04
6.606339593417942524e-04
6.476090638898313046e-04
6.342853885143995285e-04
6.218525813892483711e-04
6.088800728321075439e-04
5.965167074464261532e-04
5.841053207404911518e-04
5.720373592339456081e-04
5.600349395535886288e-04
5.482193664647638798e-04
5.363313830457627773e-04
5.251113907434046268e-04
5.135761457495391369e-04
5.023858393542468548e-04
4.912457079626619816e-04
4.800656461156904697e-04
4.694563103839755058e-04
4.588424926623702049e-04
4.481807118281722069e-04
4.381030157674103975e-04
4.276043036952614784e-04
4.175975336693227291e-04
4.075797914993017912e-04
3.980782057624310255e-04
3.881932643707841635e-04
3.786644083447754383e-04
3.692479513119906187e-04
3.600935160648077726e-04
3.509517409838736057e-04
3.426356997806578875e-04
3.335685469210147858e-04
3.253966860938817263e-04
3.167451650369912386e-04
3.082922194153070450e-04
3.003646852448582649e-04
2.921575796790421009e-04
2.848033909685909748e-04
2.769752463791519403e-04
2.692820271477103233e-04
2.619492879603058100e-04
2.545864845160394907e-04
2.476836380083113909e-04
2.405716804787516594e-04
2.337914047529920936e-04
2.270219993079081178e-04
2.205587952630594373e-04
2.144036261597648263e-04
2.080451813526451588e-04
2.017594379140064120e-04
1.960467634489759803e-04
1.901497744256630540e-04
1.848646061262115836e-04
1.791125250747427344e-04
1.738891005516052246e-04
1.688924967311322689e-04
1.636056695133447647e-04
1.587119768373668194e-04
1.541535748401656747e-04
1.494629541411995888e-04
1.450728304916992784e-04
1.404261129209771752e-04
1.366327633149921894e-04
1.324973854934796691e-04
1.285996841033920646e-04
1.249074121005833149e-04
1.213966606883332133e-04
1.179872560896910727e-04
1.146086578955873847e-04
1.115469640353694558e-04
1.086660849978215992e-04
1.057332556229084730e-04
1.030371786328032613e-04
1.005176745820790529e-04
9.819191473070532084e-05
9.590828994987532496e-05
9.385404700879007578e-05
9.178769687423482537e-05
9.011739166453480721e-05
8.838713984005153179e-05
8.681619510753080249e-05
8.541028364561498165e-05
8.426311251241713762e-05
8.307329699164256454e-05
8.210091618821024895e-05
8.135745883919298649e-05
8.082798740360885859e-05
8.022377733141183853e-05
7.976320921443402767e-05
7.971820741659030318e-05
7.957082561915740371e-05
7.974101754371076822e-05
7.998344517545774579e-05
8.011864701984450221e-05
8.076371159404516220e-05
8.148878259817138314e-05
8.225099736591801047e-05
8.309898839797824621e-05
8.418367360718548298e-05
8.553086081519722939e-05
8.707945380592718720e-05
8.836699998937547207e-05
9.013432281790301204e-05
9.188128751702606678e-05
9.388798935106024146e-05
9.621524077374488115e-05
9.813935321290045977e-05
1.005824669846333563e-04
1.033161752275191247e-04
1.059035785146988928e-04
1.087131895474158227e-04
1.117424399126321077e-04
1.148008668678812683e-04
1.179795217467471957e-04
1.215858574141748250e-04
1.249693741556257010e-04
1.284881582250818610e-04
1.325850607827305794e-04
1.366207143291831017e-04
1.405678194714710116e-04
1.448730035917833447e-04
1.494589087087661028e-04
1.535627670818939805e-04
1.586205617059022188e-04
1.634755899431183934e-04
1.681953581282868981e-04
1.733789249556139112e-04
1.786402572179213166e-04
1.841530902311205864e-04
1.895761670311912894e-04
1.955810439540073276e-04
2.015165227930992842e-04
2.069900947390124202e-04
2.131343062501400709e-04
2.195849083364009857e-04
2.254834689665585756e-04
2.328647969989106059e-04
2.394158655079081655e-04
2.454514033161103725e-04
2.530726487748324871e-04
2.601128071546554565e-04
2.674070419743657112e-04
2.746964746620506048e-04
2.826240088324993849e-04
2.900403924286365509e-04
2.978656266350299120e-04
3.059227019548416138e-04
3.139531181659549475e-04
3.223680541850626469e-04
3.307123552076518536e-04
3.390205383766442537e-04
3.481949970591813326e-04
3.565779188647866249e-04
3.654543252196162939e-04
3.743021807167679071e-04
3.837897384073585272e-04
3.933836414944380522e-04
4.025235539302229881e-04
4.127536085434257984e-04
4.223848227411508560e-04
4.324472683947533369e-04
4.419680626597255468e-04
4.533255123533308506e-04
4.628004680853337049e-04
4.733818350359797478e-04
4.837321466766297817e-04
4.950206493958830833e-04
5.061235860921442509e-04
5.167745403014123440e-04
5.276884185150265694e-04
5.395484622567892075e-04
5.517687532119452953e-04
5.627737846225500107e-04
5.745467497035861015e-04
5.867389263585209846e-04
5.988643388263881207e-04
6.113597773946821690e-04
6.229685386642813683e-04
6.355126388370990753e-04
6.480640731751918793e-04
6.609153351746499538e-04
6.740644457750022411e-04
6.855965475551784039e-04
7.000867044553160667e-04
7.138250512070953846e-04
7.264326559379696846e-04
7.405391079373657703e-04
7.540321093983948231e-04
7.686244789510965347e-04
7.818732992745935917e-04
7.967413403093814850e-04
8.097952231764793396e-04
8.241561008617281914e-04
8.390222792513668537e-04
8.536673267371952534e-04
8.687047520652413368e-04
8.834461332298815250e-04
8.994169766083359718e-04
9.138455498032271862e-04
9.304463746957480907e-04
9.450724464841187000e-04
9.603942162357270718e-04
9.767643641680479050e-04
9.925450431182980537e-04
1.010070322081446648e-03
1.023995922878384590e-03
1.040901639498770237e-03
1.058236579410731792e-03
1.074124826118350029e-03
1.091144746169447899e-03
1.107353135012090206e-03
1.124978647567331791e-03
1.142693334259092808e-03
1.159740844741463661e-03
1.176619669422507286e-03
1.194377662613987923e-03
1.212485134601593018e-03
1.231091213412582874e-03
1.249589957296848297e-03
1.266974606551229954e-03
1.284666010178625584e-03
1.302908291108906269e-03
1.322449883446097374e-03
1.341824769042432308e-03
1.359025947749614716e-03
1.377459964714944363e-03
1.396719366312026978e-03
1.418645726516842842e-03
1.435953774489462376e-03
1.455218531191349030e-03
1.474687596783041954e-03
1.495244679972529411e-03
1.516560558229684830e-03
1.534968032501637936e-03
1.555747352540493011e-03
1.574140274897217751e-03
1.596562447957694530e-03
1.616976573131978512e-03
1.637910609133541584e-03
1.658533699810504913e-03
1.679978216998279095e-03
1.701558823697268963e-03
1.721828593872487545e-03
1.743820845149457455e-03
1.765156281180679798e-03
1.786776119843125343e-03
1.809022738598287106e-03
1.829893095418810844e-03
1.854343921877443790e-03
1.874491455964744091e-03
1.896856934763491154e-03
