0.000000000000000000e+00
3.777465969324111938e-02
7.554931938648223877e-02
1.133239790797233582e-01
1.510986387729644775e-01
1.888732910156250000e-01
2.266479581594467163e-01
2.644226253032684326e-01
3.021972775459289551e-01
3.399719297885894775e-01
3.777465820312500000e-01
4.155212640762329102e-01
4.532959163188934326e-01
4.910705685615539551e-01
5.288452506065368652e-01
5.666198730468750000e-01
6.043945550918579102e-01
6.421692371368408203e-01
6.799438595771789551e-01
7.177185416221618652e-01
7.554931640625000000e-01
7.932678461074829102e-01
8.310425281524658203e-01
8.688171505928039551e-01
9.065918326377868652e-01
9.443665146827697754e-01
9.821411371231079102e-01
1.019915819168090820e+00
1.057690501213073730e+00
1.095465183258056641e+00
1.133239746093750000e+00
1.171014428138732910e+00
1.208789110183715820e+00
1.246563792228698730e+00
1.284338474273681641e+00
1.322113037109375000e+00
1.359887719154357910e+00
1.397662401199340820e+00
1.435437083244323730e+00
1.473211765289306641e+00
1.510986328125000000e+00
1.548761010169982910e+00
1.586535692214965820e+00
1.624310374259948730e+00
1.662085056304931641e+00
1.699859738349914551e+00
1.737634301185607910e+00
1.775408983230590820e+00
1.813183665275573730e+00
1.850958347320556641e+00
1.888733029365539551e+00
1.926507592201232910e+00
1.964282274246215820e+00
2.002057075500488281e+00
2.039831638336181641e+00
2.077606201171875000e+00
2.115381002426147461e+00
2.153155565261840820e+00
2.190930366516113281e+00
2.228704929351806641e+00
2.266479492187500000e+00
2.304254293441772461e+00
2.342028856277465820e+00
2.379803657531738281e+00
2.417578220367431641e+00
2.455352783203125000e+00
2.493127584457397461e+00
2.530902147293090820e+00
2.568676948547363281e+00
2.606451511383056641e+00
2.644226074218750000e+00
2.682000875473022461e+00
2.719775438308715820e+00
2.757550239562988281e+00
2.795324802398681641e+00
2.833099365234375000e+00
2.870874166488647461e+00
2.908648729324340820e+00
2.946423530578613281e+00
2.984198093414306641e+00
3.021972656250000000e+00
3.059747457504272461e+00
3.097522020339965820e+00
3.135296821594238281e+00
3.173071384429931641e+00
3.210846185684204102e+00
3.248620748519897461e+00
3.286395311355590820e+00
3.324170112609863281e+00
3.361944675445556641e+00
3.399719476699829102e+00
3.437494039535522461e+00
3.475268602371215820e+00
3.513043403625488281e+00
3.550817966461181641e+00
3.588592767715454102e+00
3.626367330551147461e+00
3.664141893386840820e+00
3.701916694641113281e+00
3.739691257476806641e+00
3.777466058731079102e+00
3.815240621566772461e+00
3.853015184402465820e+00
3.890789985656738281e+00
3.928564548492431641e+00
3.966339349746704102e+00
4.004114151000976562e+00
4.041888713836669922e+00
4.079663276672363281e+00
4.117437839508056641e+00
4.155212402343750000e+00
4.192987442016601562e+00
4.230762004852294922e+00
4.268536567687988281e+00
4.306311130523681641e+00
4.344085693359375000e+00
4.381860733032226562e+00
4.419635295867919922e+00
4.457409858703613281e+00
4.495184421539306641e+00
4.532958984375000000e+00
4.570734024047851562e+00
4.608508586883544922e+00
4.646283149719238281e+00
4.684057712554931641e+00
4.721832275390625000e+00
4.759607315063476562e+00
4.797381877899169922e+00
4.835156440734863281e+00
4.872931003570556641e+00
4.910705566406250000e+00
4.948480606079101562e+00
4.986255168914794922e+00
5.024029731750488281e+00
5.061804294586181641e+00
5.099578857421875000e+00
5.137353897094726562e+00
5.175128459930419922e+00
5.212903022766113281e+00
5.250677585601806641e+00
5.288452148437500000e+00
5.326227188110351562e+00
5.364001750946044922e+00
5.401776313781738281e+00
5.439550876617431641e+00
5.477325439453125000e+00
5.515100479125976562e+00
5.552875041961669922e+00
5.590649604797363281e+00
5.628424167633056641e+00
5.666198730468750000e+00
5.703973770141601562e+00
5.741748332977294922e+00
5.779522895812988281e+00
5.817297458648681641e+00
5.855072021484375000e+00
5.892847061157226562e+00
5.930621623992919922e+00
5.968396186828613281e+00
6.006170749664306641e+00
6.043945312500000000e+00
6.081720352172851562e+00
6.119494915008544922e+00
6.157269477844238281e+00
6.195044040679931641e+00
6.232819080352783203e+00
6.270593643188476562e+00
6.308368206024169922e+00
6.346142768859863281e+00
6.383917331695556641e+00
6.421692371368408203e+00
6.459466934204101562e+00
6.497241497039794922e+00
6.535016059875488281e+00
6.572790622711181641e+00
6.610565662384033203e+00
6.648340225219726562e+00
6.686114788055419922e+00
6.723889350891113281e+00
6.761663913726806641e+00
6.799438953399658203e+00
6.837213516235351562e+00
6.874988079071044922e+00
6.912762641906738281e+00
6.950537204742431641e+00
6.988312244415283203e+00
7.026086807250976562e+00
7.063861370086669922e+00
7.101635932922363281e+00
7.139410495758056641e+00
7.177185535430908203e+00
7.214960098266601562e+00
7.252734661102294922e+00
7.290509223937988281e+00
7.328283786773681641e+00
7.366058826446533203e+00
7.403833389282226562e+00
7.441607952117919922e+00
7.479382514953613281e+00
7.517157077789306641e+00
7.554932117462158203e+00
7.592706680297851562e+00
7.630481243133544922e+00
7.668255805969238281e+00
7.706030368804931641e+00
7.743805408477783203e+00
7.781579971313476562e+00
7.819354534149169922e+00
7.857129096984863281e+00
7.894903659820556641e+00
7.932678699493408203e+00
7.970453262329101562e+00
8.008228302001953125e+00
8.046002388000488281e+00
8.083777427673339844e+00
8.121551513671875000e+00
8.159326553344726562e+00
8.197101593017578125e+00
8.234875679016113281e+00
8.272650718688964844e+00
8.310424804687500000e+00
8.348199844360351562e+00
8.385974884033203125e+00
8.423748970031738281e+00
8.461524009704589844e+00
8.499298095703125000e+00
8.537073135375976562e+00
8.574848175048828125e+00
8.612622261047363281e+00
8.650397300720214844e+00
8.688171386718750000e+00
8.725946426391601562e+00
8.763721466064453125e+00
8.801495552062988281e+00
8.839270591735839844e+00
8.877044677734375000e+00
8.914819717407226562e+00
8.952594757080078125e+00
8.990368843078613281e+00
9.028143882751464844e+00
9.065917968750000000e+00
9.103693008422851562e+00
9.141468048095703125e+00
9.179242134094238281e+00
9.217017173767089844e+00
9.254791259765625000e+00
9.292566299438476562e+00
9.330341339111328125e+00
9.368115425109863281e+00
9.405890464782714844e+00
9.443665504455566406e+00
9.481440544128417969e+00
9.519214630126953125e+00
9.556989669799804688e+00
9.594764709472656250e+00
9.632538795471191406e+00
9.670313835144042969e+00
9.708087921142578125e+00
9.745862960815429688e+00
9.783638000488281250e+00
9.821412086486816406e+00
9.859187126159667969e+00
9.896961212158203125e+00
9.934736251831054688e+00
9.972511291503906250e+00
1.001028537750244141e+01
1.004806041717529297e+01
1.008583450317382812e+01
1.012360954284667969e+01
1.016138458251953125e+01
1.019915866851806641e+01
1.023693370819091797e+01
1.027470779418945312e+01
1.031248283386230469e+01
1.035025787353515625e+01
1.038803195953369141e+01
1.042580699920654297e+01
1.046358108520507812e+01
1.050135612487792969e+01
1.053913116455078125e+01
1.057690525054931641e+01
1.061468029022216797e+01
1.065245437622070312e+01
1.069022941589355469e+01
1.072800445556640625e+01
1.076577854156494141e+01
1.080355358123779297e+01
1.084132766723632812e+01
1.087910270690917969e+01
1.091687774658203125e+01
1.095465183258056641e+01
1.099242687225341797e+01
1.103020095825195312e+01
1.106797599792480469e+01
1.110575103759765625e+01
1.114352512359619141e+01
1.118130016326904297e+01
1.121907424926757812e+01
1.125684928894042969e+01
1.129462432861328125e+01
1.133239841461181641e+01
1.137017345428466797e+01
1.140794754028320312e+01
1.144572257995605469e+01
1.148349761962890625e+01
1.152127170562744141e+01
1.155904674530029297e+01
1.159682083129882812e+01
1.163459587097167969e+01
1.167237091064453125e+01
1.171014499664306641e+01
1.174792003631591797e+01
1.178569507598876953e+01
1.182346916198730469e+01
1.186124420166015625e+01
1.189901828765869141e+01
1.193679332733154297e+01
1.197456836700439453e+01
1.201234245300292969e+01
1.205011749267578125e+01
1.208789157867431641e+01
1.212566661834716797e+01
1.216344165802001953e+01
1.220121574401855469e+01
1.223899078369140625e+01
1.227676486968994141e+01
1.231453990936279297e+01
1.235231494903564453e+01
1.239008903503417969e+01
1.242786407470703125e+01
1.246563816070556641e+01
1.250341320037841797e+01
1.254118824005126953e+01
1.257896232604980469e+01
1.261673736572265625e+01
1.265451145172119141e+01
1.269228649139404297e+01
1.273006153106689453e+01
1.276783561706542969e+01
1.280561065673828125e+01
1.284338474273681641e+01
1.288115978240966797e+01
1.291893482208251953e+01
1.295670890808105469e+01
1.299448394775390625e+01
1.303225803375244141e+01
1.307003307342529297e+01
1.310780811309814453e+01
1.314558219909667969e+01
1.318335723876953125e+01
1.322113132476806641e+01
1.325890636444091797e+01
1.329668140411376953e+01
1.333445549011230469e+01
1.337223052978515625e+01
1.341000461578369141e+01
1.344777965545654297e+01
1.348555469512939453e+01
1.352332878112792969e+01
1.356110382080078125e+01
1.359887790679931641e+01
1.363665294647216797e+01
1.367442798614501953e+01
1.371220207214355469e+01
1.374997711181640625e+01
1.378775119781494141e+01
1.382552623748779297e+01
1.386330127716064453e+01
1.390107536315917969e+01
1.393885040283203125e+01
1.397662448883056641e+01
1.401439952850341797e+01
1.405217456817626953e+01
1.408994865417480469e+01
1.412772369384765625e+01
1.416549777984619141e+01
1.420327281951904297e+01
1.424104785919189453e+01
1.427882194519042969e+01
1.431659698486328125e+01
1.435437107086181641e+01
1.439214611053466797e+01
1.442992115020751953e+01
1.446769523620605469e+01
1.450547027587890625e+01
1.454324436187744141e+01
1.458101940155029297e+01
1.461879444122314453e+01
1.465656852722167969e+01
1.469434356689453125e+01
1.473211765289306641e+01
1.476989269256591797e+01
1.480766773223876953e+01
1.484544181823730469e+01
1.488321685791015625e+01
1.492099094390869141e+01
1.495876598358154297e+01
1.499654102325439453e+01
1.503431510925292969e+01
1.507209014892578125e+01
1.510986423492431641e+01
1.514763927459716797e+01
1.518541431427001953e+01
1.522318840026855469e+01
1.526096343994140625e+01
1.529873752593994141e+01
1.533651256561279297e+01
1.537428760528564453e+01
1.541206169128417969e+01
1.544983673095703125e+01
1.548761081695556641e+01
1.552538585662841797e+01
1.556316089630126953e+01
1.560093498229980469e+01
1.563871002197265625e+01
1.567648410797119141e+01
1.571425914764404297e+01
1.575203418731689453e+01
1.578980827331542969e+01
1.582758331298828125e+01
1.586535739898681641e+01
1.590313243865966797e+01
1.594090747833251953e+01
1.597868156433105469e+01
1.601645660400390625e+01
1.605423164367675781e+01
1.609200668334960938e+01
1.612977981567382812e+01
1.616755485534667969e+01
1.620532989501953125e+01
1.624310493469238281e+01
1.628087997436523438e+01
1.631865310668945312e+01
1.635642814636230469e+01
1.639420318603515625e+01
1.643197822570800781e+01
1.646975326538085938e+01
1.650752639770507812e+01
1.654530143737792969e+01
1.658307647705078125e+01
1.662085151672363281e+01
1.665862655639648438e+01
1.669639968872070312e+01
1.673417472839355469e+01
1.677194976806640625e+01
1.680972480773925781e+01
1.684749984741210938e+01
1.688527297973632812e+01
1.692304801940917969e+01
1.696082305908203125e+01
1.699859809875488281e+01
1.703637313842773438e+01
1.707414627075195312e+01
1.711192131042480469e+01
1.714969635009765625e+01
1.718747138977050781e+01
1.722524642944335938e+01
1.726301956176757812e+01
1.730079460144042969e+01
1.733856964111328125e+01
1.737634468078613281e+01
1.741411972045898438e+01
1.745189285278320312e+01
1.748966789245605469e+01
1.752744293212890625e+01
1.756521797180175781e+01
1.760299301147460938e+01
1.764076614379882812e+01
1.767854118347167969e+01
1.771631622314453125e+01
1.775409126281738281e+01
1.779186630249023438e+01
1.782963943481445312e+01
1.786741447448730469e+01
1.790518951416015625e+01
1.794296455383300781e+01
1.798073959350585938e+01
1.801851272583007812e+01
1.805628776550292969e+01
1.809406280517578125e+01
1.813183784484863281e+01
1.816961288452148438e+01
1.820738601684570312e+01
1.824516105651855469e+01
1.828293609619140625e+01
1.832071113586425781e+01
1.835848617553710938e+01
1.839625930786132812e+01
1.843403434753417969e+01
1.847180938720703125e+01
1.850958442687988281e+01
1.854735946655273438e+01
1.858513259887695312e+01
1.862290763854980469e+01
1.866068267822265625e+01
1.869845771789550781e+01
1.873623275756835938e+01
1.877400588989257812e+01
1.881178092956542969e+01
1.884955596923828125e+01
