3.000000119209289551e-01
2.922253012657165527e-01
2.847177982330322266e-01
2.774690091609954834e-01
2.704701721668243408e-01
2.637104988098144531e-01
2.571826875209808350e-01
2.508761286735534668e-01
2.447858601808547974e-01
2.389042824506759644e-01
2.332230508327484131e-01
2.277329862117767334e-01
2.224315404891967773e-01
2.173069715499877930e-01
2.123555839061737061e-01
2.075738012790679932e-01
2.029522359371185303e-01
1.984858214855194092e-01
1.941660195589065552e-01
1.899914890527725220e-01
1.859572231769561768e-01
1.820582151412963867e-01
1.782874166965484619e-01
1.746414154767990112e-01
1.711200177669525146e-01
1.677068024873733521e-01
1.644070744514465332e-01
1.612228602170944214e-01
1.581391096115112305e-01
1.551563739776611328e-01
1.522670537233352661e-01
1.494697481393814087e-01
1.467663198709487915e-01
1.441532522439956665e-01
1.416121572256088257e-01
1.391609609127044678e-01
1.367848515510559082e-01
1.344783157110214233e-01
1.322505474090576172e-01
1.300924122333526611e-01
1.279986053705215454e-01
1.259729415178298950e-01
1.240107119083404541e-01
1.220971941947937012e-01
1.202566176652908325e-01
1.184681206941604614e-01
1.167280673980712891e-01
1.150485426187515259e-01
1.134102791547775269e-01
1.118278652429580688e-01
1.102857887744903564e-01
1.087956577539443970e-01
1.073390245437622070e-01
1.059387773275375366e-01
1.045667827129364014e-01
1.032321304082870483e-01
1.019463390111923218e-01
1.006909161806106567e-01
9.946545958518981934e-02
9.828189015388488770e-02
9.712469577789306641e-02
9.599947929382324219e-02
9.490701556205749512e-02
9.384980797767639160e-02
9.281525015830993652e-02
9.180395305156707764e-02
9.082114696502685547e-02
8.985738456249237061e-02
8.892844617366790771e-02
8.801980316638946533e-02
8.713364601135253906e-02
8.626735210418701172e-02
8.542266488075256348e-02
8.459427952766418457e-02
8.379341661930084229e-02
8.300895988941192627e-02
8.223585784435272217e-02
8.148781955242156982e-02
8.075675368309020996e-02
8.003123104572296143e-02
7.933022081851959229e-02
7.865685224533081055e-02
7.797145843505859375e-02
7.731637358665466309e-02
7.667361199855804443e-02
7.603730261325836182e-02
7.541881501674652100e-02
7.481412589550018311e-02
7.422007620334625244e-02
7.363577187061309814e-02
7.306218147277832031e-02
7.249289751052856445e-02
7.194566726684570312e-02
7.140254974365234375e-02
7.086347043514251709e-02
7.034517824649810791e-02
6.982351839542388916e-02
6.931142508983612061e-02
6.881816685199737549e-02
6.833112239837646484e-02
6.784594058990478516e-02
6.736351549625396729e-02
6.689931452274322510e-02
6.643366813659667969e-02
6.597892940044403076e-02
6.552948057651519775e-02
6.508851051330566406e-02
6.464755535125732422e-02
6.421479582786560059e-02
6.379134953022003174e-02
6.337101757526397705e-02
6.295391917228698730e-02
6.254014372825622559e-02
6.213477253913879395e-02
6.172648072242736816e-02
6.132698059082031250e-02
6.093618273735046387e-02
6.055009365081787109e-02
6.016302108764648438e-02
5.977609753608703613e-02
5.940110981464385986e-02
5.902108550071716309e-02
5.865430831909179688e-02
5.828039348125457764e-02
5.791783332824707031e-02
5.755716562271118164e-02
5.719360709190368652e-02
5.684468150138854980e-02
5.649267137050628662e-02
5.614118278026580811e-02
5.578072369098663330e-02
5.544750392436981201e-02
5.510279536247253418e-02
5.475822091102600098e-02
5.442057549953460693e-02
5.408492684364318848e-02
5.374501645565032959e-02
5.340737104415893555e-02
5.308070778846740723e-02
5.275036394596099854e-02
5.242817103862762451e-02
5.209714174270629883e-02
5.177111923694610596e-02
5.144689977169036865e-02
5.112427473068237305e-02
5.080157518386840820e-02
5.048784613609313965e-02
5.016498267650604248e-02
4.985839128494262695e-02
4.954287409782409668e-02
4.922920465469360352e-02
4.892146587371826172e-02
4.861423373222351074e-02
4.829776287078857422e-02
4.798731207847595215e-02
4.768395423889160156e-02
4.737156629562377930e-02
4.705759882926940918e-02
4.676267504692077637e-02
4.646036028861999512e-02
4.614859819412231445e-02
4.585951566696166992e-02
4.554620385169982910e-02
4.524713754653930664e-02
4.494473338127136230e-02
4.464372992515563965e-02
4.435417056083679199e-02
4.406389594078063965e-02
4.375180602073669434e-02
4.344746470451354980e-02
4.316857457160949707e-02
4.285866022109985352e-02
4.257395863533020020e-02
4.227447509765625000e-02
4.198208451271057129e-02
4.168629646301269531e-02
4.139551520347595215e-02
4.110744595527648926e-02
4.080715775489807129e-02
4.052093625068664551e-02
4.022374749183654785e-02
3.993254899978637695e-02
3.963962197303771973e-02
3.934240341186523438e-02
3.906536102294921875e-02
3.876706957817077637e-02
3.848168253898620605e-02
3.819015622138977051e-02
3.790733218193054199e-02
3.761452436447143555e-02
3.733772039413452148e-02
3.704848885536193848e-02
3.676396608352661133e-02
3.646877408027648926e-02
3.618022799491882324e-02
3.589570522308349609e-02
3.561171889305114746e-02
3.532013297080993652e-02
3.503686189651489258e-02
3.474211692810058594e-02
3.446131944656372070e-02
3.418183326721191406e-02
3.389400243759155273e-02
3.361099958419799805e-02
3.332921862602233887e-02
3.303655982017517090e-02
3.275024890899658203e-02
3.247168660163879395e-02
3.218570351600646973e-02
3.189539909362792969e-02
3.161326050758361816e-02
3.131842613220214844e-02
3.104937076568603516e-02
3.077077865600585938e-02
3.048360347747802734e-02
3.020837903022766113e-02
2.990910410881042480e-02
2.963802218437194824e-02
2.934929728507995605e-02
2.905935049057006836e-02
2.877724170684814453e-02
2.849543094635009766e-02
2.822315692901611328e-02
2.794313430786132812e-02
2.765387296676635742e-02
2.737125754356384277e-02
2.709877490997314453e-02
2.679741382598876953e-02
2.652314305305480957e-02
2.624949812889099121e-02
2.596259117126464844e-02
2.567458152770996094e-02
2.539253234863281250e-02
2.511322498321533203e-02
2.483266592025756836e-02
2.455770969390869141e-02
2.427133917808532715e-02
2.399066090583801270e-02
2.371877431869506836e-02
2.342501282691955566e-02
2.315008640289306641e-02
2.286195755004882812e-02
2.258896827697753906e-02
2.229872345924377441e-02
2.202233672142028809e-02
2.174338698387145996e-02
2.147594094276428223e-02
2.117827534675598145e-02
2.090528607368469238e-02
2.062585949897766113e-02
2.034237980842590332e-02
2.006629109382629395e-02
1.976630091667175293e-02
1.950055360794067383e-02
1.921036839485168457e-02
1.892694830894470215e-02
1.865059137344360352e-02
1.836726069450378418e-02
1.809021830558776855e-02
1.781332492828369141e-02
1.752045750617980957e-02
1.725575327873229980e-02
1.697191596031188965e-02
1.668643951416015625e-02
1.641234755516052246e-02
1.613244414329528809e-02
1.584377884864807129e-02
1.557475328445434570e-02
1.529133319854736328e-02
1.501914858818054199e-02
1.473674178123474121e-02
1.445743441581726074e-02
1.416733860969543457e-02
1.390296220779418945e-02
1.360002160072326660e-02
1.332649588584899902e-02
1.305001974105834961e-02
1.277035474777221680e-02
1.248267292976379395e-02
1.221960783004760742e-02
1.192563772201538086e-02
1.165553927421569824e-02
1.137861609458923340e-02
1.108422875404357910e-02
1.082110404968261719e-02
1.053014397621154785e-02
1.026213169097900391e-02
9.978622198104858398e-03
9.697169065475463867e-03
9.427726268768310547e-03
9.130328893661499023e-03
8.870452642440795898e-03
8.581548929214477539e-03
8.302301168441772461e-03
8.025169372558593750e-03
7.730245590209960938e-03
7.461637258529663086e-03
7.192462682723999023e-03
6.894916296005249023e-03
6.623476743698120117e-03
6.347894668579101562e-03
6.072133779525756836e-03
5.781054496765136719e-03
5.505412817001342773e-03
5.223631858825683594e-03
4.948049783706665039e-03
4.674881696701049805e-03
4.389464855194091797e-03
4.107415676116943359e-03
3.831863403320312500e-03
3.541052341461181641e-03
3.270268440246582031e-03
2.988457679748535156e-03
2.715766429901123047e-03
2.417564392089843750e-03
2.153754234313964844e-03
1.871883869171142578e-03
1.590013504028320312e-03
1.323252916336059570e-03
1.050919294357299805e-03
7.669031620025634766e-04
4.788339138031005859e-04
2.068579196929931641e-04
-7.313489913940429688e-05
-3.540515899658203125e-04
-6.308257579803466797e-04
-8.963644504547119141e-04
-1.183718442916870117e-03
-1.471191644668579102e-03
-1.748502254486083984e-03
-2.020835876464843750e-03
-2.301752567291259766e-03
-2.584576606750488281e-03
-2.856940031051635742e-03
-3.123939037322998047e-03
-3.419309854507446289e-03
-3.700375556945800781e-03
-3.968894481658935547e-03
-4.261910915374755859e-03
-4.537999629974365234e-03
-4.819929599761962891e-03
-5.111634731292724609e-03
-5.368143320083618164e-03
-5.652934312820434570e-03
-5.919963121414184570e-03
-6.203830242156982422e-03
-6.477802991867065430e-03
-6.753742694854736328e-03
-7.037043571472167969e-03
-7.322132587432861328e-03
-7.594168186187744141e-03
-7.887095212936401367e-03
-8.150458335876464844e-03
-8.433490991592407227e-03
-8.714765310287475586e-03
-8.989930152893066406e-03
-9.269893169403076172e-03
-9.551137685775756836e-03
-9.829282760620117188e-03
-1.010712981224060059e-02
-1.039427518844604492e-02
-1.065886020660400391e-02
-1.094177365303039551e-02
-1.122123003005981445e-02
-1.149168610572814941e-02
-1.176899671554565430e-02
-1.205405592918395996e-02
-1.233351230621337891e-02
-1.260283589363098145e-02
-1.288750767707824707e-02
-1.317429542541503906e-02
-1.343455910682678223e-02
-1.372310519218444824e-02
-1.400190591812133789e-02
-1.427987217903137207e-02
-1.454949378967285156e-02
-1.483181118965148926e-02
-1.511129736900329590e-02
-1.538395881652832031e-02
-1.567116379737854004e-02
-1.596009731292724609e-02
-1.621368527412414551e-02
-1.649597287178039551e-02
-1.677399873733520508e-02
-1.703888177871704102e-02
-1.734656095504760742e-02
-1.761704683303833008e-02
-1.786711812019348145e-02
-1.817160844802856445e-02
-1.844269037246704102e-02
-1.871770620346069336e-02
-1.899850368499755859e-02
-1.928493380546569824e-02
-1.956009864807128906e-02
-1.983553171157836914e-02
-2.011153101921081543e-02
-2.038994431495666504e-02
-2.067527174949645996e-02
-2.094727754592895508e-02
-2.122047543525695801e-02
-2.151286602020263672e-02
-2.176812291145324707e-02
-2.204635739326477051e-02
-2.232077717781066895e-02
-2.260261774063110352e-02
-2.288559079170227051e-02
-2.314960956573486328e-02
-2.344575524330139160e-02
-2.372056245803833008e-02
-2.399578690528869629e-02
-2.426201105117797852e-02
-2.457076311111450195e-02
-2.482211589813232422e-02
-2.509731054306030273e-02
-2.536663413047790527e-02
-2.565842866897583008e-02
-2.593880891799926758e-02
-2.620595693588256836e-02
-2.647432684898376465e-02
-2.676978707313537598e-02
-2.706381678581237793e-02
-2.732917666435241699e-02
-2.760002017021179199e-02
-2.788296341896057129e-02
-2.816408872604370117e-02
-2.844211459159851074e-02
-2.870276570320129395e-02
-2.898868918418884277e-02
-2.926188707351684570e-02
-2.954116463661193848e-02
-2.982476353645324707e-02
-3.006738424301147461e-02
-3.037229180335998535e-02
-3.066071867942810059e-02
-3.091692924499511719e-02
-3.120577335357666016e-02
-3.148028254508972168e-02
-3.176948428153991699e-02
-3.202626109123229980e-02
-3.232342004776000977e-02
-3.257232904434204102e-02
-3.284510970115661621e-02
-3.313055634498596191e-02
-3.340756893157958984e-02
-3.368714451789855957e-02
-3.396070003509521484e-02
-3.424921631813049316e-02
-3.451088070869445801e-02
-3.480857610702514648e-02
-3.507021069526672363e-02
-3.533789515495300293e-02
-3.562930226325988770e-02
-3.589943051338195801e-02
-3.620505332946777344e-02
-3.643849492073059082e-02
-3.672420978546142578e-02
-3.701671957969665527e-02
-3.728103637695312500e-02
-3.755447268486022949e-02
-3.782135248184204102e-02
-3.810322284698486328e-02
-3.839394450187683105e-02
-3.866297006607055664e-02
-3.892812132835388184e-02
-3.920981287956237793e-02
-3.949266672134399414e-02
-3.977686166763305664e-02
-4.006525874137878418e-02
-4.032418131828308105e-02
-4.059365391731262207e-02
-4.087042808532714844e-02
-4.115718603134155273e-02
-4.144442081451416016e-02
-4.169526696205139160e-02
-4.195791482925415039e-02
-4.223951697349548340e-02
-4.255646467208862305e-02
-4.280358552932739258e-02
-4.307466745376586914e-02
-4.334491491317749023e-02
-4.363280534744262695e-02
-4.393106698989868164e-02
-4.417920112609863281e-02
-4.446923732757568359e-02
-4.471611976623535156e-02
-4.501777887344360352e-02
-4.528948664665222168e-02
-4.556858539581298828e-02
-4.584214091300964355e-02
-4.612252116203308105e-02
-4.640540480613708496e-02
-4.666280746459960938e-02
-4.694604873657226562e-02
-4.722094535827636719e-02
-4.749476909637451172e-02
-4.777833819389343262e-02
-4.803496599197387695e-02
-4.834917187690734863e-02
-4.859569668769836426e-02
-4.886901378631591797e-02
