-1.192092896618035525e-08
1.613343810110828835e-02
2.901656667566659964e-02
3.865928612240621121e-02
4.506515002032174255e-02
4.824613136426730842e-02
4.822135036095842597e-02
4.502499744718685415e-02
3.870987053605001726e-02
2.936648444786077450e-02
1.709671321194766724e-02
2.040610886264018764e-03
-1.562349429610558615e-02
-3.568945675882800872e-02
-5.791720870637052931e-02
-8.204880434974205772e-02
-1.077764126265566003e-01
-1.347914967055363067e-01
-1.627606508112285078e-01
-1.913402789558655281e-01
-2.201691437000171947e-01
-2.489092718946099569e-01
-2.772080517304262859e-01
-3.047364340576594333e-01
-3.311770472946726773e-01
-3.562339687400573052e-01
-3.796243629661613106e-01
-4.011131881271120525e-01
-4.204727019947899214e-01
-4.375141012705234256e-01
-4.520783531959762791e-01
-4.640190130484191378e-01
-4.732422330871220439e-01
-4.796559755917446655e-01
-4.832089993480380707e-01
-4.838675833442633856e-01
-4.816266340727634043e-01
-4.764755627225446544e-01
-4.684801755254997535e-01
-4.576801743609331119e-01
-4.441497848391323111e-01
-4.279881833826232884e-01
-4.093274233278810792e-01
-3.882915780343570433e-01
-3.650569354695001878e-01
-3.397961490929553574e-01
-3.127189201419538489e-01
-2.840581354847783735e-01
-2.540476017799088715e-01
-2.229437905075576931e-01
-1.910210537830872024e-01
-1.585566873797465137e-01
-1.258236051997331240e-01
-9.309751231576715580e-02
-6.066848302952550231e-02
-2.877376984029585139e-02
2.330525205783973153e-03
3.241707852160878589e-02
6.129422261789409937e-02
8.879254686898489790e-02
1.147882086222491160e-01
1.391537530779915488e-01
1.618353472002342919e-01
1.827998749181824478e-01
2.020242679760111404e-01
2.195672502090088851e-01
2.354432940045131928e-01
2.497549139274770624e-01
2.626074286349975861e-01
2.740971130075429141e-01
2.843708026351287055e-01
2.935290928328219140e-01
3.017401611402395489e-01
3.091088921574615123e-01
3.157641460283003298e-01
3.218201298692202617e-01
3.273605427848274019e-01
3.324810175890158814e-01
3.372137823799790657e-01
3.415891305752740137e-01
3.456306068034201706e-01
3.493029901370685031e-01
3.525378039611309910e-01
3.552907571991901214e-01
3.574513476176443549e-01
3.588666726910524907e-01
3.594154448059868612e-01
3.589250242576726979e-01
3.572379683308289922e-01
3.541179309764109773e-01
3.493974474387702700e-01
3.428951712189017287e-01
3.344156295959567204e-01
3.238062184505728358e-01
3.109111828565993552e-01
2.956215686166032142e-01
2.778506696951695831e-01
2.575683921192060133e-01
2.347794146072300081e-01
2.095295954738616295e-01
1.819205536453804006e-01
1.521335758526972115e-01
1.203377054767285348e-01
8.683120494950480328e-02
5.189489788503019729e-02
1.590511849350889628e-02
-2.078047114049677568e-02
-5.774285240218696158e-02
-9.454921807383233345e-02
-1.307488932525563974e-01
-1.659261773385992955e-01
-1.996266139039063192e-01
-2.314279941803498719e-01
-2.609528142692562613e-01
-2.878197217991532719e-01
-3.117288544578527554e-01
-3.323836988346149379e-01
-3.495704293188963696e-01
-3.631075529869866036e-01
-3.728775253239863252e-01
-3.788043290325103785e-01
-3.808817346796823378e-01
-3.791726224720121663e-01
-3.737732396063845330e-01
-3.647946778682574220e-01
-3.524663366832202493e-01
-3.370318205655902233e-01
-3.187603318309253364e-01
-2.979528378297566227e-01
-2.749419520919914040e-01
-2.500943754864747848e-01
-2.237718914857760866e-01
-1.963486074417045979e-01
-1.681863745158037604e-01
-1.396753526461572692e-01
-1.111517401721109632e-01
-8.294114782543283992e-02
-5.535808824695565011e-02
-2.869779478327775385e-02
-3.173318905161717773e-03
2.100991689682146432e-02
4.367662604493722373e-02
6.470715241693847375e-02
8.402180576016940461e-02
1.015639123484785578e-01
1.173470557943948472e-01
1.313848409234861792e-01
1.437359009082207761e-01
1.545159895214380796e-01
1.637844015190126623e-01
1.717049381323692836e-01
1.784095352069264562e-01
1.840385186583193555e-01
1.887048783884729963e-01
1.926183887319601884e-01
1.958627411368895344e-01
1.986241223592202232e-01
2.009864369375977122e-01
2.030631977957287615e-01
2.049309945220108009e-01
2.066831315352181120e-01
2.083463254117699504e-01
2.099533002222818689e-01
2.114997539711892804e-01
2.129764048368274765e-01
2.143185005111139796e-01
2.154907790724226724e-01
2.163964257128341839e-01
2.169208491344496448e-01
2.169684509575015574e-01
2.163887048144392811e-01
2.150362068692585060e-01
2.128099331243718806e-01
2.094903664895433892e-01
2.049879061970279193e-01
1.991161770700902167e-01
1.917904396833410574e-01
1.828952413178319136e-01
1.722866636799079143e-01
1.599747666356438336e-01
1.458759542167862855e-01
1.300373352619567657e-01
1.124787290985552329e-01
9.326399846809628469e-02
7.251167851435777467e-02
5.039260909822148443e-02
2.710041283092133255e-02
2.832954516825528929e-03
-2.209428442567191314e-02
-4.740658366454219425e-02
-7.281990360139767304e-02
-9.799533953601584357e-02
-1.225632239483773755e-01
-1.461884076107247687e-01
-1.685597365341592324e-01
-1.892950920243815227e-01
-2.081223529841376430e-01
-2.247403209473737284e-01
-2.388706383673593614e-01
-2.502951375914597709e-01
-2.588502728902269956e-01
-2.643394330684372684e-01
-2.667223826505408790e-01
-2.659598566498175831e-01
-2.620193034520260644e-01
-2.549885036776639025e-01
-2.449453598822186329e-01
-2.320673219099439744e-01
-2.165129710118923745e-01
-1.985720769102957417e-01
-1.784909565775908147e-01
-1.565599621097114036e-01
-1.331008299978044818e-01
-1.085060270093951007e-01
-8.309761987656999471e-02
-5.719766719683198886e-02
-3.120191321349462948e-02
-5.477650353859802278e-03
1.972519186158265547e-02
4.405273952316525465e-02
6.728352656898804740e-02
8.912180029690969230e-02
1.094283281396989660e-01
1.280334334107378902e-01
1.448198274324887513e-01
1.596862967004402112e-01
1.726365755284043346e-01
1.837025215244160181e-01
1.928320031119517552e-01
2.001656678151834123e-01
2.057985320319880018e-01
2.098390213484166433e-01
2.124427954837437293e-01
2.137697661771217061e-01
2.139704367688911868e-01
2.132066043906539754e-01
2.116426271804715542e-01
2.094439616131712756e-01
2.067927235972117639e-01
2.037895392008613193e-01
2.005347271951539445e-01
1.971691395570876748e-01
1.937665288705786582e-01
1.903662643910606911e-01
1.870243262625137792e-01
1.837563079481437933e-01
1.805420500991587462e-01
1.773482487826764931e-01
1.741415129349900837e-01
1.708466868296113494e-01
1.673443315220753125e-01
1.635054609682733140e-01
1.592678554698944704e-01
1.544528510958415868e-01
1.489071200333745570e-01
1.425450059478518550e-01
1.351283965355805083e-01
1.265696814570221318e-01
1.167217501765003551e-01
1.054279409046941368e-01
9.259758812708958342e-02
7.810088861494421386e-02
6.192353075661978512e-02
4.401329807434564007e-02
2.434958168362478387e-02
2.977576201269711842e-03
-2.004423175964891932e-02
-4.458956918607557413e-02
-7.049368050860371770e-02
-9.762762637455268955e-02
-1.257515352418294430e-01
-1.545883399757148335e-01
-1.838682382403171722e-01
-2.132559081025253434e-01
-2.424571044664134700e-01
-2.710768700186828029e-01
-2.987370717434882916e-01
-3.251387678601242448e-01
-3.499042385847702108e-01
-3.726671620187701484e-01
-3.930881897765268196e-01
-4.108641019656524840e-01
-4.256892659002004531e-01
-4.373434665497402118e-01
-4.455529587499705291e-01
-4.501972846271012352e-01
-4.510904466871156204e-01
-4.482078360635216030e-01
-4.414547514276397355e-01
-4.308919442383048470e-01
-4.165549780702108018e-01
-3.986140228473184499e-01
-3.771905934532037707e-01
-3.525419730710251387e-01
-3.249608078094140540e-01
-2.947672015155647918e-01
-2.622998300559252760e-01
-2.279355611970998174e-01
-1.921186308781444585e-01
-1.552496610253439602e-01
-1.178095868965662874e-01
-8.023432494383617164e-02
-4.289592844970405855e-02
-6.284453869024743400e-03
2.927000351810686574e-02
6.342858657511943332e-02
9.585169064759381519e-02
1.263354329471303161e-01
1.545863712616742935e-01
1.804996263009207014e-01
2.039561637439741004e-01
2.249154353722796484e-01
2.433772641260947278e-01
2.593715176853657045e-01
2.729971223162513394e-01
2.843203893599023369e-01
2.934862809865751432e-01
3.007008084861059749e-01
3.061070329710856019e-01
3.099146929876047674e-01
3.123152617688152999e-01
3.134193313897126743e-01
3.134788026204652356e-01
3.125885534418973988e-01
3.109041179440218405e-01
3.085177596798599486e-01
3.055917085670273314e-01
3.020982923472471104e-01
2.980840055871202821e-01
2.935605505846167751e-01
2.885280999685320702e-01
2.829195751931204428e-01
2.766967110193178092e-01
2.697150248668238048e-01
2.619289810737471247e-01
2.531384360364557495e-01
2.432885550160977517e-01
2.322021858449382359e-01
2.197882136666020059e-01
2.059128652209676891e-01
1.904197349647664961e-01
1.732977931835182894e-01
1.543684656000645916e-01
1.336938187993760296e-01
1.111752916692496929e-01
8.687355979173622123e-02
6.083021954532981390e-02
3.311619556524583730e-02
3.890582726579161488e-03
-2.671858675798208932e-02
-5.851064868020587617e-02
-9.128387026007925287e-02
-1.247761129373645278e-01
-1.586735014586588277e-01
-1.928080114222197050e-01
-2.267518482410011138e-01
-2.602779168272304489e-01
-2.931196427812997607e-01
-3.249427211415858996e-01
-3.554909407153560852e-01
-3.844379229571642242e-01
-4.116588494350595373e-01
-4.368384265604310368e-01
-4.597914704304029709e-01
-4.803822241704607254e-01
-4.983692544347054776e-01
-5.137133241025821917e-01
-5.262616343270127839e-01
-5.359553158897245595e-01
-5.427244126735842888e-01
-5.464509507414267997e-01
-5.472415544659776643e-01
-5.450163682463353698e-01
-5.398382896724384095e-01
-5.317053825574118431e-01
-5.206779686667354357e-01
-5.068394050704978504e-01
-4.903457277596080521e-01
-4.712691540315346317e-01
-4.497073703155917146e-01
-4.259196590544378491e-01
-4.000608103617692146e-01
-3.723469355814554849e-01
-3.430154742210450580e-01
-3.123411449474787771e-01
-2.805550112565297072e-01
-2.479679970877015638e-01
-2.149073357690042818e-01
-1.815788448959735069e-01
-1.483439604464054928e-01
-1.154305709620000731e-01
-8.317854404656005451e-02
-5.175260259795227968e-02
-2.147062034264434968e-02
7.529895521246166012e-03
3.509562897342931309e-02
6.098720794248793653e-02
8.523822622082208311e-02
1.077244028547350019e-01
1.284417817766001224e-01
1.473106080516155825e-01
1.645159448928978363e-01
1.799715663971821478e-01
1.938597350556847676e-01
2.062583389868563044e-01
2.172731458772043656e-01
2.270421001810223882e-01
2.357110825799803577e-01
2.433798805239070773e-01
2.502173958803918796e-01
2.563097121172337456e-01
2.617245443573789632e-01
2.665974124195357176e-01
2.709259459310948137e-01
2.747788066247366934e-01
2.781671425621122795e-01
2.810421775946009837e-01
2.834002148448981351e-01
2.851509251495804032e-01
2.861901529555020973e-01
2.863628699529863764e-01
2.855447329898800901e-01
2.836115492562303331e-01
2.803486510172736867e-01
2.755484956301558208e-01
2.690408322894316528e-01
2.607143112291356868e-01
2.502852726598427391e-01
2.376996704658170811e-01
2.227141491229626125e-01
2.053780822057469924e-01
1.854954435559596215e-01
1.631230119900783093e-01
1.382354092211597885e-01
1.109547608459024448e-01
8.136457526751791902e-02
4.968351577502161387e-02
1.611524832885057046e-02
-1.901717544503100932e-02
-5.545578039475821536e-02
-9.275217884858583117e-02
-1.305889449879150677e-01
-1.684890552202888692e-01
-2.060819854755824576e-01
-2.428488233443591715e-01
-2.784011273561494693e-01
-3.123179128989128639e-01
-3.441354007107146340e-01
-3.735298224211034968e-01
-4.001440075240819683e-01
-4.237053628117331550e-01
-4.438743223120321102e-01
-4.605160786198830847e-01
-4.734441208688061065e-01
-4.825807112713922931e-01
-4.878815441050940449e-01
-4.893349045495912764e-01
-4.870102720243722483e-01
-4.810085858519054791e-01
-4.714841080779686444e-01
-4.586973754576104678e-01
-4.427692033015688255e-01
-4.240753156700715620e-01
-4.028888850329006566e-01
-3.795611195116941339e-01
-3.544141521897707925e-01
-3.277464492773546900e-01
-3.000367074922960509e-01
-2.716310498142869845e-01
-2.428032699016708373e-01
-2.140129057183050854e-01
-1.854953720347397583e-01
-1.575331765033635700e-01
-1.305056885193346394e-01
-1.046176434308202646e-01
-7.999249440600256222e-02
-5.689230597664904354e-02
-3.535438368931891062e-02
-1.552110313132865071e-02
2.547197953520874414e-03
1.887595974903903684e-02
3.344392121511793881e-02
4.636781203840874277e-02
5.770980188439578384e-02
6.758560634513707810e-02
7.608399322404763021e-02
8.331712979363609106e-02
8.949655202769515872e-02
9.473400251354432977e-02
9.921978523400437622e-02
1.030817911514973484e-01
1.064633933479607331e-01
1.094043401103869106e-01
1.121336373415877385e-01
1.147029306600263754e-01
1.172466218804914806e-01
1.197676531696852398e-01
1.223181879548368156e-01
1.248530946249088724e-01
1.274995027046506579e-01
