-5.960464483090177623e-09
2.725422511866398834e-02
5.153720328292399344e-02
7.270799239151853888e-02
9.067000228555538444e-02
1.053692830843357964e-01
1.168052612358278786e-01
1.250220183924634632e-01
1.301053518414213295e-01
1.321965231569819099e-01
1.314601343267041977e-01
1.281039464686283547e-01
1.223759746729357611e-01
1.145480268731217388e-01
1.048936313402957510e-01
9.374113582614196361e-02
8.138362701736112648e-02
6.814813365457558780e-02
5.434563523853519484e-02
4.028225640688787301e-02
2.624327165227145764e-02
1.249125057945289774e-02
-7.236895708973567487e-04
-1.320554439906421185e-02
-2.477974295631466678e-02
-3.531425807742295808e-02
-4.470612868825636632e-02
-5.291419695544544166e-02
-5.992434145934225076e-02
-6.575878272523537349e-02
-7.049996384357856694e-02
-7.422743847761444080e-02
-7.709801169014984801e-02
-7.925110199225771090e-02
-8.087765975204749824e-02
-8.216444235142970898e-02
-8.331987727276496392e-02
-8.454623546979800341e-02
-8.604220043920426941e-02
-8.801431706517398590e-02
-9.061614533148215633e-02
-9.402029611800494235e-02
-9.834034819558185037e-02
-1.036746000058840350e-01
-1.100908140086995918e-01
-1.176035276314723044e-01
-1.262051726188504197e-01
-1.358301633879160086e-01
-1.464061422755947306e-01
-1.577871885751191972e-01
-1.698223068941454861e-01
-1.823004838542454931e-01
-1.950028887202911732e-01
-2.076877110014639094e-01
-2.200675777230128027e-01
-2.318889505767816051e-01
-2.428501088549692710e-01
-2.526662143359927892e-01
-2.610602079743207238e-01
-2.677662446530042484e-01
-2.725135782638953286e-01
-2.750966739850317921e-01
-2.752967946225555185e-01
-2.729511384128826545e-01
-2.679481876452085576e-01
-2.601649910754643136e-01
-2.495944310279463452e-01
-2.362111460253247808e-01
-2.200540120625406604e-01
-2.012454867467293462e-01
-1.799031576898633411e-01
-1.562056776436245853e-01
-1.303833035654682893e-01
-1.027007967661812404e-01
-7.344383213393754217e-02
-4.292392227598984533e-02
-1.150588303394580250e-02
2.047790377849980498e-02
5.265545171898003418e-02
8.464974382889690896e-02
1.161138756734514388e-01
1.466823531597446217e-01
1.760239733005342089e-01
2.038267815397169780e-01
2.298124701984557428e-01
2.536942508540193097e-01
2.752853707591428334e-01
2.943646842488200077e-01
3.107916860439534634e-01
3.244492261097324803e-01
3.352422315164974576e-01
3.431416281673129731e-01
3.481179289897617379e-01
3.502196086622492710e-01
3.494701896540922670e-01
3.459805170452098233e-01
3.398468741203102272e-01
3.312327032960578066e-01
3.202707872809843481e-01
3.071723939472371656e-01
2.921186905624961749e-01
2.753356506286145922e-01
2.570460181144577638e-01
2.374958998775195118e-01
2.169135529795435946e-01
1.955584377616846892e-01
1.736378023528055425e-01
1.513867358804780738e-01
1.290327527379672157e-01
1.067355242771703960e-01
8.469484149036274334e-02
6.302324362792463552e-02
4.186660307856646113e-02
2.128005129844399990e-02
1.349999828537132296e-03
-1.793760993358849837e-02
-3.656396922018678719e-02
-5.457303077223860099e-02
-7.201957522006527390e-02
-8.898548345356369071e-02
-1.055295742945876053e-01
-1.217821338761517908e-01
-1.378310620738104342e-01
-1.537916437126011227e-01
-1.696885218063193812e-01
-1.856515226643638272e-01
-2.016996183356791206e-01
-2.178648747419631437e-01
-2.341470663316071732e-01
-2.504977537077865968e-01
-2.668543674117356268e-01
-2.831134954578077845e-01
-2.991335940396050996e-01
-3.147434841580645792e-01
-3.297503297264668953e-01
-3.439453130763890365e-01
-3.570672128873033091e-01
-3.688743664677092138e-01
-3.791017710940554064e-01
-3.874706410590034733e-01
-3.937142748920124946e-01
-3.975756143495458028e-01
-3.988014799950974076e-01
-3.971872416281372886e-01
-3.925146634790092071e-01
-3.846337038270321029e-01
-3.734438168281372095e-01
-3.588517553841651941e-01
-3.408384424205316843e-01
-3.194114685914963836e-01
-2.946890767688645218e-01
-2.667903667763952824e-01
-2.359283173505922759e-01
-2.023301427078746939e-01
-1.662974357349552568e-01
-1.281778887074614959e-01
-8.836546058081419519e-02
-4.726597073480472144e-02
-5.335885682616666598e-03
3.697796597951270164e-02
7.923446320479141103e-02
1.209458867687685929e-01
1.616857231677480133e-01
2.010072356571411256e-01
2.385434467325860397e-01
2.739282046940183513e-01
3.068377280639653093e-01
3.370055482233429989e-01
3.642318100757465094e-01
3.883327081161030980e-01
4.091870401347970643e-01
4.267254925237405905e-01
4.409271206522692443e-01
4.518241885211348174e-01
4.594600916857309869e-01
4.639635464307687029e-01
4.654169658851627367e-01
4.640031932510841339e-01
4.598858445937971107e-01
4.532643161719178138e-01
4.443549612681363947e-01
4.333388686899634079e-01
4.204733470231933889e-01
4.059686899203831523e-01
3.900427674947498646e-01
3.729125391289530023e-01
3.547852808127298085e-01
3.358541883281650486e-01
3.163354638618975367e-01
2.963815794875234721e-01
2.761680674762796439e-01
2.558066330113624165e-01
2.354330937972832216e-01
2.151824951071923120e-01
1.950706877325556199e-01
1.751973917764000355e-01
1.555814957722162495e-01
1.362199225751806742e-01
1.171410199937441832e-01
9.830287517782664020e-02
7.966810296794814283e-02
6.117087167701598660e-02
4.276562868686652197e-02
2.438718961444507824e-02
5.958787747969970794e-03
-1.259134435661471776e-02
-3.130450147960947560e-02
-5.024977959227514002e-02
-6.945345351231671516e-02
-8.897312582345037746e-02
-1.087667080029420252e-01
-1.288735118327058171e-01
-1.492294016187354910e-01
-1.697999427833380703e-01
-1.905194390221406908e-01
-2.112791477645643290e-01
-2.319897876047498086e-01
-2.525326056455975410e-01
-2.727533479815118511e-01
-2.924988082051641070e-01
-3.116320482625457022e-01
-3.299520823492511079e-01
-3.472882526899490618e-01
-3.634388082214011217e-01
-3.782322642752401487e-01
-3.914931194145309656e-01
-4.029767186350636798e-01
-4.125218698582379662e-01
-4.199092242897630722e-01
-4.249869734010163214e-01
-4.275704906907066838e-01
-4.274997099917135501e-01
-4.246347971851364700e-01
-4.188183504896196840e-01
-4.100004001123334074e-01
-3.981055272861712124e-01
-3.830403729376007926e-01
-3.648890611979189735e-01
-3.435948446829764080e-01
-3.193506378370238874e-01
-2.921976660985531882e-01
-2.623491571057077199e-01
-2.300388033558335432e-01
-1.954715492375704577e-01
-1.590239564107025494e-01
-1.210010532208910528e-01
-8.180400898501950790e-02
-4.183399245517713250e-02
-1.503550776093910690e-03
3.875691990009969695e-02
7.850655752676914678e-02
1.173294202434819883e-01
1.548143287065141260e-01
1.905469987853612157e-01
2.242159733442399827e-01
2.554787320413101082e-01
2.840889068316644339e-01
3.097929962936216142e-01
3.324614286415167874e-01
3.519454134854457239e-01
3.682004805911283651e-01
3.812049080968518688e-01
3.910134671422500485e-01
3.977051901283505386e-01
4.014076456470173082e-01
4.022984041951923051e-01
4.005592385337347072e-01
3.964425480982365912e-01
3.901628711423367202e-01
3.819730240985703129e-01
3.721614756468377694e-01
3.609797227949071985e-01
3.487047311054128351e-01
3.355469442667692315e-01
3.217518728896110458e-01
3.074893182882884046e-01
2.930045979082852581e-01
2.783757873649067571e-01
2.637652039348388211e-01
2.492188108334366103e-01
2.347721732973647724e-01
2.204895886399889648e-01
2.062881684188311582e-01
1.921696927393242160e-01
1.780444016627447945e-01
1.638329313544899524e-01
1.494209125693698459e-01
1.347080180325541110e-01
1.195541613302981421e-01
1.038914438721078304e-01
8.759769606042601409e-02
7.060950603883273113e-02
5.285775520109088632e-02
3.432177184886660987e-02
1.499879559490182451e-02
-5.045389641927439106e-03
-2.581248823801915449e-02
-4.710897987555270894e-02
-6.890125171656072411e-02
-9.092594216384719541e-02
-1.130661935083224490e-01
-1.350482818365457693e-01
-1.566688776428141749e-01
-1.776908713084457414e-01
-1.977889276733367785e-01
-2.167596276016834911e-01
-2.343192537501955219e-01
-2.502145321433445480e-01
-2.642140356533249634e-01
-2.760719840144080783e-01
-2.855682975621646191e-01
-2.925432522874537034e-01
-2.968133084630474317e-01
-2.982458017887947843e-01
-2.967568973260324983e-01
-2.922873444089149619e-01
-2.847812056098040778e-01
-2.743050182216961175e-01
-2.608744084467651270e-01
-2.445537755689770609e-01
-2.255251118316694003e-01
-2.039357450327883292e-01
-1.799501669132667347e-01
-1.538830238176000231e-01
-1.259896615927009467e-01
-9.656932266167556067e-02
-6.595133824504811892e-02
-3.452214723449986700e-02
-2.624806542927071717e-03
2.935100689340766622e-02
6.105323552263030445e-02
9.206820325176878761e-02
1.220360548754375607e-01
1.506438233528125947e-01
1.775566270839146754e-01
2.024144383626793608e-01
2.250239711431293865e-01
2.451470125682836398e-01
2.626314669565981696e-01
2.773227841737189170e-01
2.891724523793653967e-01
2.980881062074108856e-01
3.040869504990417749e-01
3.072886856825763902e-01
3.077504124002730657e-01
3.056082235315573103e-01
3.011031055049321337e-01
2.943693766601438444e-01
2.857000452611783148e-01
2.753465464413445973e-01
2.635720978157284344e-01
2.507346063051780205e-01
2.371010362149644779e-01
2.229512886372342906e-01
2.085543569427038557e-01
1.942910278160196180e-01
1.803167973716848782e-01
1.668636718551562148e-01
1.541992430134579983e-01
1.424860749216305400e-01
1.317926972390718321e-01
1.222289403923461082e-01
1.139273805038554799e-01
1.068417890573342688e-01
1.009026100941298881e-01
9.614472465571974324e-02
9.237548958438238089e-02
8.952939337207904691e-02
8.740298698365994712e-02
8.587700279681549642e-02
8.466455128970817867e-02
8.363382355457647799e-02
8.254552792774805248e-02
8.120631249692178422e-02
7.937911030916358635e-02
7.687467777009097947e-02
7.358762122225087632e-02
6.930887590485754202e-02
6.395918695166907808e-02
5.748481676594884016e-02
4.978512771821404226e-02
4.087069428170956448e-02
3.083490472977983010e-02
1.970335952985760586e-02
7.616754014224791369e-03
-5.309885407989198280e-03
-1.882606176502638062e-02
-3.274699491285545938e-02
-4.681167847778863744e-02
-6.078107850166045156e-02
-7.435771771430355059e-02
-8.723653607314252323e-02
-9.908778704794510284e-02
-1.097092338657750799e-01
-1.187297779404102582e-01
-1.259172690242008619e-01
-1.310200714043932013e-01
-1.337595010241022508e-01
-1.340013315303637820e-01
-1.315840508755649618e-01
-1.264270077420716620e-01
-1.183668940380775969e-01
-1.074209523560763491e-01
-9.358787316637900977e-02
-7.700207935540187565e-02
-5.767126016398754773e-02
-3.585410551569123694e-02
-1.169783642062904860e-02
1.454930141481929062e-02
4.261541487040117898e-02
7.215010754420232708e-02
1.028108669078411225e-01
1.343198092454922499e-01
1.662323546515769856e-01
1.981942625959930149e-01
2.297819674923630151e-01
2.607327839645435796e-01
2.906156742725445330e-01
3.190738880514789599e-01
3.458755711192475490e-01
3.706110605438815431e-01
3.931326431996799431e-01
4.131254670530468687e-01
4.305391652246299827e-01
4.451035231540512171e-01
4.567633141775077066e-01
4.654876752317265165e-01
4.711877964740113223e-01
4.739054697650930681e-01
4.736622832547529582e-01
4.705935679921501302e-01
4.647809118800830253e-01
4.563710595231711964e-01
4.455299547934647997e-01
4.324765878675454478e-01
4.173973527909541903e-01
4.005590082917324657e-01
3.822069961071302147e-01
3.625370938626981121e-01
3.419226490296122245e-01
3.204671527501642414e-01
2.986008746136866732e-01
2.764390971550249043e-01
2.542432735186193615e-01
2.322085118967722184e-01
2.105155036547167180e-01
1.893401225816657152e-01
1.687649951613486576e-01
1.488517639692915340e-01
1.297169965154058857e-01
1.113542786489242625e-01
9.375363616413343038e-02
7.681422591217376694e-02
6.057415993391913195e-02
4.481459359035913637e-02
2.953380791474778666e-02
1.461716871841402254e-02
-3.703622428656572207e-05
-1.455713573642439251e-02
-2.904852596055976233e-02
-4.361145377655470390e-02
-5.823252454743052531e-02
-7.296672649972552049e-02
-8.785921221892536992e-02
-1.028034178872246074e-01
-1.177745908090113147e-01
-1.326975762852243834e-01
-1.473895466244655172e-01
-1.617220065078752156e-01
-1.754864455073379959e-01
-1.885140231232211305e-01
-2.004975866911177240e-01
-2.111710998420617824e-01
-2.203478074334372927e-01
-2.276983103510385464e-01
-2.330258322057086606e-01
-2.360063735056040501e-01
-2.364254891233726341e-01
-2.341310352449202381e-01
-2.288587730200872805e-01
-2.205110861323582028e-01
-2.089313767860290771e-01
-1.941015009100666155e-01
-1.759932456400980505e-01
-1.546164262276443768e-01
-1.300972090054327013e-01
-1.026287266858556257e-01
-7.229146604857972225e-02
-3.941226908440376153e-02
-4.273431498509200344e-03
3.275200011111834009e-02
7.137263132101880070e-02
1.110957326717406241e-01
1.515792287879632882e-01
1.923025660155077143e-01
2.328881956175261614e-01
2.728424576852284122e-01
3.118339643142041817e-01
3.494110141553292137e-01
3.851422504915263945e-01
