-1.192092896618035525e-08
3.758902184495321874e-02
7.336203470376628788e-02
1.072876824436814758e-01
1.393199154613987134e-01
1.693908878047082900e-01
1.974311146968856234e-01
2.233580224492571209e-01
2.470721037258043484e-01
2.684845416405317042e-01
2.874914790912683760e-01
3.039912475452596352e-01
3.178866560423688203e-01
3.291011007861719406e-01
3.375315466350313209e-01
3.431292684263014259e-01
3.458382240865238155e-01
3.456218327532463719e-01
3.424595383029735429e-01
3.363673341024980279e-01
3.273612983267895626e-01
3.154889151082639898e-01
3.008333082565498584e-01
2.834788463701797823e-01
2.635387986418707973e-01
2.411502755798161091e-01
2.164681480617835496e-01
1.896528396714025066e-01
1.609003190562805496e-01
1.304100915910069158e-01
9.838086352227762288e-02
6.503887288945506273e-02
3.059844552839988130e-02
-4.688988583997188986e-03
-4.059982401037164762e-02
-7.690081434715168029e-02
-1.133474267219687082e-01
-1.497080468619633731e-01
-1.857456119445806408e-01
-2.212439380191584259e-01
-2.559598195952509370e-01
-2.896983261582066205e-01
-3.222512502743511975e-01
-3.534097525887641700e-01
-3.830078620087920549e-01
-4.108649812485530850e-01
-4.368314244029926630e-01
-4.607665557011788038e-01
-4.825627481541363006e-01
-5.021160204138510608e-01
-5.193487572286602516e-01
-5.341982019594093689e-01
-5.466310713381524744e-01
-5.566385284923679455e-01
-5.642157933081297649e-01
-5.694049231892418517e-01
-5.722369734267418462e-01
-5.727821557289024534e-01
-5.711285733395295994e-01
-5.673659299179301119e-01
-5.615959643464077944e-01
-5.539393978660482887e-01
-5.445149965444868734e-01
-5.334523489235301064e-01
-5.208917639991396120e-01
-5.069274105793533103e-01
-4.917297841388293400e-01
-4.753810610490111777e-01
-4.580060211450694974e-01
-4.397150611102578766e-01
-4.206054766991995653e-01
-4.007480695290387418e-01
-3.802346780067202281e-01
-3.591327276807142477e-01
-3.374965139594911512e-01
-3.153683352226830383e-01
-2.928034532952498714e-01
-2.698106377410859347e-01
-2.464431154637975185e-01
-2.227235630356202145e-01
-1.986657167700180138e-01
-1.743129824579158771e-01
-1.496839348482681964e-01
-1.248227221336349335e-01
-9.974761381150322459e-02
-7.453921201528646012e-02
-4.922706293084243290e-02
-2.389723763160215425e-02
1.362671653336901267e-03
2.646077658481904571e-02
5.127692507326377103e-02
7.568887528875319071e-02
9.954407031031964337e-02
1.227066491345891464e-01
1.449909688526302975e-01
1.662248815459055618e-01
1.862330875180442102e-01
2.048326489975987319e-01
2.218082145408211692e-01
2.369934237573649294e-01
2.502006753132101080e-01
2.612490473536152602e-01
2.699861071778801858e-01
2.762882021265010146e-01
2.800077624072974114e-01
2.810728999981340626e-01
2.794006144272530578e-01
2.749648358022332428e-01
2.677677647986940745e-01
2.578143158482806840e-01
2.451932233738408073e-01
2.299692807225898195e-01
2.123029715575344700e-01
1.923229541377254326e-01
1.702505471282067528e-01
1.462625769583850710e-01
1.206187339001533743e-01
9.355352612338864449e-02
6.534806389365900581e-02
3.627277355451009877e-02
6.640196879843917460e-03
-2.328291726030689429e-02
-5.319444452139956286e-02
-8.283657040659109239e-02
-1.118906162771695079e-01
-1.401274518027084137e-01
-1.672814385850275865e-01
-1.931606328789483851e-01
-2.175378796388051095e-01
-2.402375764124311530e-01
-2.610981442652143825e-01
-2.800247240237543345e-01
-2.968876698989978968e-01
-3.116198989359750815e-01
-3.242054164107555647e-01
-3.346120188817213181e-01
-3.428389969579953567e-01
-3.489393575518015544e-01
-3.529864563804952504e-01
-3.550233058639309380e-01
-3.551720387590757144e-01
-3.535407160263315807e-01
-3.502280268030804611e-01
-3.453699582079631791e-01
-3.390936797039799666e-01
-3.315368464110427515e-01
-3.228520709924333487e-01
-3.131430374227057167e-01
-3.025340361891477037e-01
-2.911455337728111603e-01
-2.791080919932913407e-01
-2.664799123691100613e-01
-2.533772388618524829e-01
-2.398752219276445996e-01
-2.260111966147252682e-01
-2.118587925737327460e-01
-1.974741278198661465e-01
-1.828590420426481900e-01
-1.680824520201631977e-01
-1.531343377291522478e-01
-1.380222131475275782e-01
-1.227580517651743058e-01
-1.073499253076354298e-01
-9.182150786100466699e-02
-7.612658209152343980e-02
-6.033011825431799230e-02
-4.440414336603257239e-02
-2.840404559361459774e-02
-1.229234809145365523e-02
3.846637035078516453e-03
1.998249110364019865e-02
3.605678288970685930e-02
5.201983467800683214e-02
6.779971966730953536e-02
8.330624767797481511e-02
9.843947329611671404e-02
1.130941318410715046e-01
1.271635173404459529e-01
1.405073407732141400e-01
1.530102429284293797e-01
1.645412070013620720e-01
1.749436529879047075e-01
1.841055537765025063e-01
1.919094091077631625e-01
1.982089657563430585e-01
2.029306080068432327e-01
2.059323702119812138e-01
2.071642669602221376e-01
2.065515526113672895e-01
2.040582303436514755e-01
1.996899154268273191e-01
1.933885758892286699e-01
1.852331699127356957e-01
1.753095739357275473e-01
1.636425993456189498e-01
1.503565588717712953e-01
1.356146813864005374e-01
1.195347117434333861e-01
1.023176447804922673e-01
8.415527851975901363e-02
6.526535751016662723e-02
4.583124471526117683e-02
2.614041614039726638e-02
6.398696559093010328e-03
-1.312133907348375650e-02
-3.223613232358542302e-02
-5.066659224346822810e-02
-6.822578379473258348e-02
-8.466250582599370300e-02
-9.984954234199999723e-02
-1.135240405427080934e-01
-1.256428225123142617e-01
-1.359981279670986754e-01
-1.445419788406679673e-01
-1.511536977025770834e-01
-1.558020056840137280e-01
-1.584848379271500407e-01
-1.591947485918828453e-01
-1.579401882647165078e-01
-1.548107337218267709e-01
-1.498637803360269860e-01
-1.431810717250357190e-01
-1.348864631012252346e-01
-1.250961883585245404e-01
-1.139520260970577625e-01
-1.016219986857260227e-01
-8.818855320913504547e-02
-7.385211510849695737e-02
-5.869501945087886308e-02
-4.293653485871944120e-02
-2.665823565978582554e-02
-9.984639124064761950e-03
6.945921146601870266e-03
2.406340361866225394e-02
4.123679802993198557e-02
5.840618588091789354e-02
7.553437561526563093e-02
9.247939176703338926e-02
1.093447460848434444e-01
1.259338145153329203e-01
1.423453677268424755e-01
1.585146163548799558e-01
1.744376408000242185e-01
1.901595121944604228e-01
2.056258641892183270e-01
2.208727305845540889e-01
2.358717624916932543e-01
2.506569763505674953e-01
2.652118493371227737e-01
2.795606687548218838e-01
2.936481257671862410e-01
3.075125688146472247e-01
3.210664506070073365e-01
3.343066315038218383e-01
3.471814060905636379e-01
3.596271797108037682e-01
3.715734764907755450e-01
3.829254816439631171e-01
3.935866938509274826e-01
4.034927341920551691e-01
4.125134748699065823e-01
4.204828877276514665e-01
4.273431020904679412e-01
4.329510252102973800e-01
4.371320671901079424e-01
4.398044674824717615e-01
4.407846623167354094e-01
4.400323485713821259e-01
4.373736619265063963e-01
4.326916624088467112e-01
4.259949002871501467e-01
4.171381476261102894e-01
4.061086579631737470e-01
3.928702523685870251e-01
3.774762210309052235e-01
3.598450856199829073e-01
3.401663966392957095e-01
3.184220929404323885e-01
2.947873626942700276e-01
2.693810416466577706e-01
2.423261892721176036e-01
2.138791774939390877e-01
1.841838508945414787e-01
1.535413584269860743e-01
1.221358112475687818e-01
9.028346481070993745e-02
5.824671836344540166e-02
2.631375168895447314e-02
-5.270497965338127866e-03
-3.616830724786238016e-02
-6.608754703117744600e-02
-9.478921234048398592e-02
-1.219734573993526416e-01
-1.474143196325962690e-01
-1.708410847736483718e-01
-1.920485996770897597e-01
-2.109105487648833543e-01
-2.271858479601100433e-01
-2.408235066960774939e-01
-2.516898055955240632e-01
-2.597007769997016213e-01
-2.648893688396775081e-01
-2.671951347095649631e-01
-2.667042821339837833e-01
-2.634504914968161526e-01
-2.575350257919944430e-01
-2.490814674081923696e-01
-2.382551617653509424e-01
-2.252149738962433978e-01
-2.100545295351295971e-01
-1.930252135051360174e-01
-1.743310763587076484e-01
-1.540908114766117165e-01
-1.325240009499820126e-01
-1.098438558343471094e-01
-8.615740919435771472e-02
-6.175089924308069245e-02
-3.666741988830024557e-02
-1.112023492767094668e-02
1.484958471089264931e-02
4.102068296217815935e-02
6.735277690330264411e-02
9.378518964015383763e-02
1.201625564016702424e-01
1.464936773357467803e-01
1.726399807926300989e-01
1.986289385735417468e-01
2.243970295828401351e-01
2.499095831277285129e-01
2.751047303708732406e-01
2.999607353518265462e-01
3.244399113109182053e-01
3.484847415761622158e-01
3.720483130653227666e-01
3.951262690165068814e-01
4.175381364342111157e-01
4.392745588772734577e-01
4.602445395355309610e-01
4.803549992611663710e-01
4.994587225267867470e-01
5.175433031214882185e-01
5.343669825062391521e-01
5.498243993126654683e-01
5.638745289655022752e-01
5.762695514028647326e-01
5.869041279226727692e-01
5.956731285645995300e-01
6.024221922483423697e-01
6.070461768393221602e-01
6.094183486141376838e-01
6.094144261285920905e-01
6.070782265490819452e-01
6.021952542060482472e-01
5.947870856162136288e-01
5.848144555263321553e-01
5.723674099694409101e-01
5.573135517066526434e-01
5.397951121875090852e-01
5.198011840094038938e-01
4.975771950562370982e-01
4.730147909676514772e-01
4.463867428132941018e-01
4.177888133581206809e-01
3.874400053545988265e-01
3.554023383008774739e-01
3.219345588215282161e-01
2.872460405301940911e-01
2.515255504969085565e-01
2.149522137639182651e-01
1.778406780347493998e-01
1.402866206922257497e-01
1.025976307689303729e-01
6.498473312488563247e-02
2.770722791070365232e-02
-9.097453852208448044e-03
-4.516358936192316209e-02
-8.026558875465170106e-02
-1.141808971768684955e-01
-1.467307401344306039e-01
-1.776881194598204372e-01
-2.070185824847982636e-01
-2.343910792725689141e-01
-2.596926144038006479e-01
-2.828960426272366657e-01
-3.037074595843914926e-01
-3.222152923234051780e-01
-3.382584997228815782e-01
-3.517802690755268413e-01
-3.627857064377393304e-01
-3.712624506010350212e-01
-3.772312924217920971e-01
-3.806933233965410501e-01
-3.817232393451339689e-01
-3.804299689564579756e-01
-3.768819441394798408e-01
-3.711530507022346992e-01
-3.634288204845589898e-01
-3.536972985533446412e-01
-3.422505605165177545e-01
-3.291247011130544187e-01
-3.145469393139169734e-01
-2.985485934340983971e-01
-2.812833189204069773e-01
-2.628379151616086484e-01
-2.434990457476318704e-01
-2.231570108771099292e-01
-2.020877985564619728e-01
-1.802604094942367730e-01
-1.578118635375498902e-01
-1.347912299622665566e-01
-1.112867957869057289e-01
-8.732181941052608032e-02
-6.290340142143507896e-02
-3.819802870598160149e-02
-1.310693281018682210e-02
1.222680173858015085e-02
3.788519842314053143e-02
6.370867615476366597e-02
8.970472130891804508e-02
1.158885284699150975e-01
1.420603723383503381e-01
1.682878656072694934e-01
1.943591172586852101e-01
2.203194474353347698e-01
2.459478239906574548e-01
2.712052337628304000e-01
2.959588929231262155e-01
3.199643138722859659e-01
3.431200354094450233e-01
3.652257666688145665e-01
3.862095891405421533e-01
4.057607218891512990e-01
4.237675702108569809e-01
4.399439144315885342e-01
4.541802412689991408e-01
4.663270368114865172e-01
4.761774026296972107e-01
4.835574407058731428e-01
4.883483967465211406e-01
4.904710860516109938e-01
4.897895359569607865e-01
4.863653748778667962e-01
4.800502627738967298e-01
4.709059880925767216e-01
4.589695542223716784e-01
4.442642849005536410e-01
4.270170926273160750e-01
4.072700621635743645e-01
3.852306419230904222e-01
3.610920264448560513e-01
3.350808127101395084e-01
3.074771814637854428e-01
2.784396707708914342e-01
2.483391882242354520e-01
2.173838409301047103e-01
1.858589372384039373e-01
1.541673172459229468e-01
1.225507218740792825e-01
9.125356363887718314e-02
6.057071898628693662e-02
3.064939505553898602e-02
1.920171634296308216e-03
-2.547262532254782053e-02
-5.136644326964159846e-02
-7.554559480287947881e-02
-9.785817880660563350e-02
-1.182489808773841689e-01
-1.364958682160769543e-01
-1.525995027583347818e-01
-1.665784611366816215e-01
-1.783533073826282234e-01
-1.879160440162683243e-01
-1.953455717616141563e-01
-2.006646868407861994e-01
-2.039543062067704637e-01
-2.053525157262803269e-01
-2.048526655427788112e-01
-2.027221331877618327e-01
-1.989943116951204960e-01
-1.938135051948906007e-01
-1.873225856408873846e-01
-1.796538701131733529e-01
-1.708777525881419179e-01
-1.612269240642779655e-01
-1.506971600733991168e-01
-1.394832057285245175e-01
-1.276842568742024842e-01
-1.153540606862049067e-01
-1.025578619994407248e-01
-8.941049280544244304e-02
-7.588713999796503629e-02
-6.210033651935051302e-02
-4.803675422143635632e-02
-3.372201159929277825e-02
-1.923080720126382759e-02
-4.535343955078374734e-03
1.042529639263428676e-02
2.552688860015292494e-02
4.091825622455613765e-02
5.643772808920052841e-02
