1.192092896618035525e-08
-1.177323036569910553e-02
-2.026322560643423198e-02
-2.580270361802500245e-02
-2.872568851698895087e-02
-2.936317145943848073e-02
-2.804330175669877967e-02
-2.508927364216798073e-02
-2.080510644178826252e-02
-1.549296787375395446e-02
-9.427745957243355290e-03
-2.872805418555168799e-03
3.935907942217459210e-03
1.077697495580942633e-02
1.746181413284803030e-02
2.382689448892581774e-02
2.972669428681148918e-02
3.504912409800498008e-02
3.971386322852720613e-02
4.365392354272160103e-02
4.683501807016950125e-02
4.924345728399466549e-02
5.089018164762904028e-02
5.179865631475376320e-02
5.200871851775910881e-02
5.158115167204413432e-02
5.057995828968542273e-02
4.907627758186710459e-02
4.714478615435872821e-02
4.486675780265024505e-02
4.230952255618777164e-02
3.954504324089826162e-02
3.663168222795647189e-02
3.361832013060539470e-02
3.054408466493455793e-02
2.744121369158901078e-02
2.430439943624942978e-02
2.113338509407554008e-02
1.791766180918327733e-02
1.461526690584492166e-02
1.117531669633421709e-02
7.543927076560073136e-03
3.655330706684460987e-03
-5.816062039398321726e-04
-5.235631447395500994e-03
-1.040237409531778040e-02
-1.616688112132505517e-02
-2.261050394437745178e-02
-2.981703206592772534e-02
-3.784566284303735040e-02
-4.676109077898836508e-02
-5.660783381404159431e-02
-6.741159137017779801e-02
-7.918244306987728964e-02
-9.191040233076740174e-02
-1.055607231932650381e-01
-1.200928903434886341e-01
-1.354196860498738664e-01
-1.514510037935232478e-01
-1.680711902292164051e-01
-1.851431888178597107e-01
-2.025128826657231484e-01
-2.200061297568461083e-01
-2.374455471499591075e-01
-2.546262046417566705e-01
-2.713485892667043542e-01
-2.873995600844235221e-01
-3.025669147425998906e-01
-3.166437831720742002e-01
-3.294238828687322540e-01
-3.407178704992502860e-01
-3.503216090355251722e-01
-3.580947651000485066e-01
-3.638644275547365248e-01
-3.675066609902024606e-01
-3.689183135873868591e-01
-3.680136749094769510e-01
-3.647447259903363603e-01
-3.590779290642584498e-01
-3.510111986647977966e-01
-3.405786045167455423e-01
-3.278282781631111642e-01
-3.128378955159456520e-01
-2.957247113685391171e-01
-2.766098408047716339e-01
-2.556241652035793344e-01
-2.329630453218461406e-01
-2.087916867663930087e-01
-1.833120264280138079e-01
-1.567226466655324002e-01
-1.292374362346129235e-01
-1.010831146963274141e-01
-7.247064916290588132e-02
-4.361840679884319838e-02
-1.475044510078888337e-02
1.392411054978535262e-02
4.220633098554826129e-02
6.989766923455506542e-02
9.680791353604208116e-02
1.227859884554218239e-01
1.476693381461941790e-01
1.713092272839327190e-01
1.935997273988888656e-01
2.144202122325602200e-01
2.337021602140670895e-01
2.513527370359849855e-01
2.673345057492974575e-01
2.816234368507703478e-01
2.941971215123608818e-01
3.050420510582581568e-01
3.141855887597376218e-01
3.216419844406426254e-01
3.274482546469550392e-01
3.316472384388772787e-01
3.342756240520969868e-01
3.354010727240185341e-01
3.350547426883552782e-01
3.332954491838187039e-01
3.301650938847606187e-01
3.257018843807757968e-01
3.199467601069779787e-01
3.129161635887621196e-01
3.046392711096796990e-01
2.951155149609867578e-01
2.843557134941930853e-01
2.723654089885268470e-01
2.591305198331950721e-01
2.446472226764738744e-01
2.289127658563693268e-01
2.119065889394824154e-01
1.936289363410512443e-01
1.740917411885845312e-01
1.532951367505768214e-01
1.312749026172019551e-01
1.080685956176746232e-01
8.372880389423163761e-02
5.830967053998295513e-02
3.192170021933671969e-02
4.679564219507263700e-03
-2.331208503239491636e-02
-5.189470504318354632e-02
-8.088171068502032768e-02
-1.101001761086011638e-01
-1.393481758784339553e-01
-1.683705565493310297e-01
-1.969664295736741066e-01
-2.248626274940964120e-01
-2.518282158576219398e-01
-2.775952277744078711e-01
-3.018970163051081235e-01
-3.244851188187218849e-01
-3.451192120098153793e-01
-3.635715145597794296e-01
-3.796112270010184031e-01
-3.930507965042048801e-01
-4.037209493820557160e-01
-4.114850125998383845e-01
-4.162146711184280257e-01
-4.178358580669701006e-01
-4.163127802506467190e-01
-4.116093095337937657e-01
-4.037737240263457594e-01
-3.928527148521342993e-01
-3.789287791493962110e-01
-3.621364426970454242e-01
-3.426292273292772528e-01
-3.205483018606343770e-01
-2.961352304018749493e-01
-2.695840297256253404e-01
-2.411172671099993392e-01
-2.109928521827083014e-01
-1.794389064836032777e-01
-1.467294333052611977e-01
-1.130916660660586659e-01
-7.879657838028719663e-02
-4.406772960485105806e-02
-9.153770989230643890e-03
2.572162165143280707e-02
6.037589183750763366e-02
9.457045505643360550e-02
1.281499784754706606e-01
1.609513018069632373e-01
1.928054392746325896e-01
2.236042269761341350e-01
2.532143102916989408e-01
2.815416716923790919e-01
3.085087136764378402e-01
3.340432383016234130e-01
3.580704883925239779e-01
3.806058919803181340e-01
4.015738187879758225e-01
4.209804502446908292e-01
4.388118901088303714e-01
4.550815691253019546e-01
4.697845298161210659e-01
4.829529028219932685e-01
4.945991130204325237e-01
5.047267719473655934e-01
5.133962431524999870e-01
5.205812391236820380e-01
5.263208638218307422e-01
5.306339144502020266e-01
5.335136197196104213e-01
5.349761671131677554e-01
5.350102931724017852e-01
5.336213994912022418e-01
5.308021007640473243e-01
5.265098975171944584e-01
5.207657060389950798e-01
5.135166607444867637e-01
5.047538758984098095e-01
4.944424153499447083e-01
4.825740418570743651e-01
4.691300252625074663e-01
4.540950931885599506e-01
4.374575229973379775e-01
4.192232117856962148e-01
3.993883470826485316e-01
3.780006628108185662e-01
3.550501634051915212e-01
3.305949432020884315e-01
3.047102357374845139e-01
2.774523792457585514e-01
2.488738114126309575e-01
2.191103499183181258e-01
1.882483072647926081e-01
1.564130032515330671e-01
1.237384854056548106e-01
9.041816537603618309e-02
5.657621481577972122e-02
2.242765023263447455e-02
-1.186467301396020024e-02
-4.606987681835088277e-02
-7.998049556858317921e-02
-1.133749016310679203e-01
-1.460243066875128448e-01
-1.776722422594495532e-01
-2.081069443355095805e-01
-2.370683195858390713e-01
-2.643631650424254076e-01
-2.897323557360086399e-01
-3.129883056098261562e-01
-3.339250910511127324e-01
-3.523638528427127659e-01
-3.681488949068384420e-01
-3.811446782547147083e-01
-3.912540663232385030e-01
-3.984144507903588095e-01
-4.025544187673862351e-01
-4.036951759912492110e-01
-4.018441343831316015e-01
-3.970227470784902235e-01
-3.893734680932929293e-01
-3.789831385049871049e-01
-3.660009041837531396e-01
-3.506128204622098177e-01
-3.329573316502431046e-01
-3.133036038482535091e-01
-2.918696992095394793e-01
-2.688378474621829217e-01
-2.445182399348616586e-01
-2.191095960910389717e-01
-1.928643191947308488e-01
-1.660442986711238023e-01
-1.388561364845022905e-01
-1.115273563541953616e-01
-8.427457477222968785e-02
-5.725058261609639043e-02
-3.067078827514845701e-02
-4.674784378432800258e-03
2.061247565206478227e-02
4.507711030871724284e-02
6.862930992680874032e-02
9.117882864399207143e-02
1.126784042504462569e-01
1.330788171420113075e-01
1.523709926126775027e-01
1.705197838645760022e-01
1.875431047389480022e-01
2.034269266727211090e-01
2.181679459489825057e-01
2.318259103694880752e-01
2.443488734023741005e-01
2.557923553275548434e-01
2.661245558997448191e-01
2.753551354475822777e-01
2.834802152210363357e-01
2.904716304705196595e-01
2.963004393567526540e-01
3.009343407531915315e-01
3.043455543751673598e-01
3.064446389484170030e-01
3.072123920300932065e-01
3.065608792401555149e-01
3.044777811718832883e-01
3.008741136068575073e-01
2.956660843193881782e-01
2.888647696751954763e-01
2.803852623347628525e-01
2.702262512535554273e-01
2.583683697117282740e-01
2.448101187060072736e-01
2.295669294849613240e-01
2.126761661943519788e-01
1.942192963703686381e-01
1.742418557593741202e-01
1.528552676997387838e-01
1.301559080849677141e-01
1.062981105304459800e-01
8.144194091301112937e-02
5.575471051650071619e-02
2.939150909323165820e-02
2.573835002658956400e-03
-2.448761147324213239e-02
-5.158039702944032523e-02
-7.847679834747484096e-02
-1.049359245343434166e-01
-1.307750882306579765e-01
-1.557321249068259472e-01
-1.795841408798869721e-01
-2.021508645236180790e-01
-2.232078321511960506e-01
-2.425636610358792855e-01
-2.600609375098716369e-01
-2.755504949460377828e-01
-2.889029763858317890e-01
-3.000248968721436205e-01
-3.088316167123986711e-01
-3.152745367798416298e-01
-3.193122609239566478e-01
-3.209993853986645163e-01
-3.203342455290260626e-01
-3.173966305461239923e-01
-3.122674086435142105e-01
-3.050811730949816170e-01
-2.959760583291494718e-01
-2.850877015609235010e-01
-2.726283473428081638e-01
-2.587719932614221952e-01
-2.437462361618605855e-01
-2.277277513030020739e-01
-2.109656660665052974e-01
-1.936762005408569631e-01
-1.760648692923348635e-01
-1.583491938054975845e-01
-1.407392531528409985e-01
-1.233859417589499852e-01
-1.065139119604774087e-01
-9.024552046335508615e-02
-7.475671356580594618e-02
-6.009734575402927992e-02
-4.641257930552976363e-02
-3.376126086239633617e-02
-2.219766215549404814e-02
-1.173350307739208509e-02
-2.408536196320535533e-03
5.835889480025967246e-03
1.299525774430898215e-02
1.916597756456327878e-02
2.436975524289396525e-02
2.869476939708172358e-02
3.220272183148917972e-02
3.502598618746568387e-02
3.724734782907456604e-02
3.892004248018013368e-02
4.016892207966840656e-02
4.107378167746154884e-02
4.168280339136001822e-02
4.209299820372247591e-02
4.232846505039122159e-02
4.241503481199217912e-02
4.240892155112033907e-02
4.228004359849248106e-02
4.202199417729971659e-02
4.163517868524620191e-02
4.102387585424120686e-02
4.019915935762675974e-02
3.906050651120768213e-02
3.750444161294362588e-02
3.548411544422336306e-02
3.288278928335330864e-02
2.963317389711033617e-02
2.564087644159418478e-02
2.080957698680627535e-02
1.506113905384298332e-02
8.353229894704258807e-03
6.059845592655058177e-04
-8.192967679955288907e-03
-1.810574945798530677e-02
-2.909346950955019745e-02
-4.118271533548949204e-02
-5.427166221534376889e-02
-6.834123992880411502e-02
-8.328404971946035129e-02
-9.901610359551832330e-02
-1.154039311206132012e-01
-1.322490075275883636e-01
-1.494441864783272178e-01
-1.667743324827788975e-01
-1.840726254248499227e-01
-2.011022217273200352e-01
-2.176795254893974518e-01
-2.335404730584771937e-01
-2.485114268060443221e-01
-2.623748849065306588e-01
-2.749059719338081131e-01
-2.858867808042405145e-01
-2.951881779851166510e-01
-3.026331884261893590e-01
-3.080061071039498777e-01
-3.112442310951591407e-01
-3.122699876524645535e-01
-3.109434981246307350e-01
-3.072680771250107523e-01
-3.011872036975112854e-01
-2.927653428920707901e-01
-2.819666190049059384e-01
-2.689386561156471012e-01
-2.537288798662843403e-01
-2.364200820247586154e-01
-2.172400806486208813e-01
-1.962953461675714939e-01
-1.737728716936384199e-01
-1.498598038676026145e-01
-1.247544317712170892e-01
-9.872272648016355845e-02
-7.191199546796825381e-02
-4.459880233671778549e-02
-1.701276837963923427e-02
1.066167419971287417e-02
3.815326289811544341e-02
6.527637825851673181e-02
9.183521259284598004e-02
1.176256155631185546e-01
1.425002584638715153e-01
1.662783122354020704e-01
1.888213898152597547e-01
2.099900098540978255e-01
2.297041320577642987e-01
2.478649711893604612e-01
2.643828939771560860e-01
2.792516621193419923e-01
2.924189469397066587e-01
3.038776222301752261e-01
3.136355457040252426e-01
3.217185984547782929e-01
3.281395783052422632e-01
3.329356755519563005e-01
3.361974515100776273e-01
3.379674591722488519e-01
3.382865747895534847e-01
3.371935065989591918e-01
3.347722524826439727e-01
3.310758974937969001e-01
3.261301310536636189e-01
3.199761963103595064e-01
3.126587239229295379e-01
3.042173105922494347e-01
2.946198950846072862e-01
2.839063896451230473e-01
2.720485402598348812e-01
2.590819383091053640e-01
2.449642244332747298e-01
2.296925878436350543e-01
2.132872519748314211e-01
1.957020252507970237e-01
1.769461862132369057e-01
1.570529051917921026e-01
1.360606457055402729e-01
1.139330599838078439e-01
9.076736147927327858e-02
6.663679990851462120e-02
4.160681982569364168e-02
1.581609769637282170e-02
-1.064710486089822522e-02
-3.762846550421486413e-02
-6.491530706809692242e-02
-9.240010290037267704e-02
-1.198532902849898663e-01
-1.470341777456216081e-01
-1.737352577324228764e-01
-1.996950943413825785e-01
-2.247106177541091654e-01
-2.485006533006092755e-01
-2.708345491493331925e-01
-2.914615443093991343e-01
-3.101570451828407626e-01
-3.266716042493678085e-01
-3.408645887485701742e-01
-3.525047643929614671e-01
-3.614488872772821382e-01
-3.675679586583380787e-01
-3.707298589887038087e-01
-3.708986701271577702e-01
-3.680290744094183442e-01
-3.621124228364837605e-01
-3.532099377138831486e-01
-3.413281406721955791e-01
-3.265802994495718981e-01
-3.090813197478824437e-01
