1.282500028610229492e-01
1.112535148859024048e-01
9.663115441799163818e-02
8.404984325170516968e-02
7.322397083044052124e-02
6.390884518623352051e-02
5.589212849736213684e-02
4.899140819907188416e-02
4.305296018719673157e-02
3.793778643012046814e-02
3.353332728147506714e-02
2.974010631442070007e-02
2.647168375551700592e-02
2.365192025899887085e-02
2.122226543724536896e-02
1.912431605160236359e-02
1.731237769126892090e-02
1.574601605534553528e-02
1.439164578914642334e-02
1.321762055158615112e-02
1.219955552369356155e-02
1.131621561944484711e-02
1.054628565907478333e-02
9.875427931547164917e-03
9.289513342082500458e-03
8.776447735726833344e-03
8.324980735778808594e-03
7.928080856800079346e-03
7.576800882816314697e-03
7.264081388711929321e-03
6.986386608332395554e-03
6.736825220286846161e-03
6.513818167150020599e-03
6.310862954705953598e-03
6.126658990979194641e-03
5.958384368568658829e-03
5.803497508168220520e-03
5.660757422447204590e-03
5.527155473828315735e-03
5.403645336627960205e-03
5.286159925162792206e-03
5.176329053938388824e-03
5.071870516985654831e-03
4.971819464117288589e-03
4.876583814620971680e-03
4.784696735441684723e-03
4.696206655353307724e-03
4.609473980963230133e-03
4.526383709162473679e-03
4.445255734026432037e-03
4.366563167423009872e-03
4.288977012038230896e-03
4.213026724755764008e-03
4.139372147619724274e-03
4.065452609211206436e-03
3.994150552898645401e-03
3.923387266695499420e-03
3.853132948279380798e-03
3.784299362450838089e-03
3.716658800840377808e-03
3.649459918960928917e-03
3.583212383091449738e-03
3.517323406413197517e-03
3.452407894656062126e-03
3.389077261090278625e-03
3.325098194181919098e-03
3.263291437178850174e-03
3.201211337000131607e-03
3.139509353786706924e-03
3.079041605815291405e-03
3.019866766408085823e-03
2.959515433758497238e-03
2.900911029428243637e-03
2.842966932803392410e-03
2.785603282973170280e-03
2.728393068537116051e-03
2.672540489584207535e-03
2.616656245663762093e-03
2.561367582529783249e-03
2.506843535229563713e-03
2.452733460813760757e-03
2.399839228019118309e-03
2.346853492781519890e-03
2.295485697686672211e-03
2.243992872536182404e-03
2.193616935983300209e-03
2.143042627722024918e-03
2.093419432640075684e-03
2.045191125944256783e-03
1.996397273615002632e-03
1.948564196936786175e-03
1.901339157484471798e-03
1.855155569501221180e-03
1.808831933885812759e-03
1.763857901096343994e-03
1.719419029541313648e-03
1.675427891314029694e-03
1.631343853659927845e-03
1.589097781106829643e-03
1.546573475934565067e-03
1.504599233157932758e-03
1.464057131670415401e-03
1.423487905412912369e-03
1.383392373099923134e-03
1.344064949080348015e-03
1.305380370467901230e-03
1.267665764316916466e-03
1.230386085808277130e-03
1.193052274174988270e-03
1.157572143711149693e-03
1.121453242376446724e-03
1.086953794583678246e-03
1.052422332577407360e-03
1.018928480334579945e-03
9.854147210717201233e-04
9.528676746413111687e-04
9.208024712279438972e-04
8.894788334146142006e-04
8.587426273152232170e-04
8.289186516776680946e-04
7.989938021637499332e-04
7.702443399466574192e-04
7.416294538415968418e-04
7.142990361899137497e-04
6.869866047054529190e-04
6.606339593417942524e-04
6.342853885143995285e-04
6.088800728321075439e-04
5.841053207404911518e-04
5.600349395535886288e-04
5.363313830457627773e-04
5.135761457495391369e-04
4.912457079626619816e-04
4.694563103839755058e-04
4.481807118281722069e-04
4.276043036952614784e-04
4.075797914993017912e-04
3.881932643707841635e-04
3.692479513119906187e-04
3.509517409838736057e-04
3.335685469210147858e-04
3.167451650369912386e-04
3.003646852448582649e-04
2.848033909685909748e-04
2.692820271477103233e-04
2.545864845160394907e-04
2.405716804787516594e-04
2.270219993079081178e-04
2.144036261597648263e-04
2.017594379140064120e-04
1.901497744256630540e-04
1.791125250747427344e-04
1.688924967311322689e-04
1.587119768373668194e-04
1.494629541411995888e-04
1.404261129209771752e-04
1.324973854934796691e-04
1.249074121005833149e-04
1.179872560896910727e-04
1.115469640353694558e-04
1.057332556229084730e-04
1.005176745820790529e-04
9.590828994987532496e-05
9.178769687423482537e-05
8.838713984005153179e-05
8.541028364561498165e-05
8.307329699164256454e-05
8.135745883919298649e-05
8.022377733141183853e-05
7.971820741659030318e-05
7.974101754371076822e-05
8.011864701984450221e-05
8.148878259817138314e-05
8.309898839797824621e-05
8.553086081519722939e-05
8.836699998937547207e-05
9.188128751702606678e-05
9.621524077374488115e-05
1.005824669846333563e-04
1.059035785146988928e-04
1.117424399126321077e-04
1.179795217467471957e-04
1.249693741556257010e-04
1.325850607827305794e-04
1.405678194714710116e-04
1.494589087087661028e-04
1.586205617059022188e-04
1.681953581282868981e-04
1.786402572179213166e-04
1.895761670311912894e-04
2.015165227930992842e-04
2.131343062501400709e-04
2.254834689665585756e-04
2.394158655079081655e-04
2.530726487748324871e-04
2.674070419743657112e-04
2.826240088324993849e-04
2.978294214699417353e-04
3.139531181659549475e-04
3.307123552076518536e-04
3.481949970591813326e-04
3.654543252196162939e-04
3.837897384073585272e-04
4.025235539302229881e-04
4.223848227411508560e-04
4.419680626597255468e-04
4.628004680853337049e-04
4.837321466766297817e-04
5.061235860921442509e-04
5.276884185150265694e-04
5.517687532119452953e-04
5.745467497035861015e-04
5.988643388263881207e-04
6.229685386642813683e-04
6.480640731751918793e-04
6.740644457750022411e-04
7.000867044553160667e-04
7.264326559379696846e-04
7.540321093983948231e-04
7.818732992745935917e-04
8.097952231764793396e-04
8.390222792513668537e-04
8.687047520652413368e-04
8.994169766083359718e-04
9.304463746957480907e-04
9.603942162357270718e-04
9.925450431182980537e-04
1.023995922878384590e-03
1.058236579410731792e-03
1.091144746169447899e-03
1.124978647567331791e-03
1.159740844741463661e-03
1.194377662613987923e-03
1.231091213412582874e-03
1.266974606551229954e-03
1.302908291108906269e-03
1.341824769042432308e-03
1.377459964714944363e-03
1.418645726516842842e-03
1.455218531191349030e-03
1.495244679972529411e-03
1.534968032501637936e-03
1.574140274897217751e-03
1.616976573131978512e-03
1.658533699810504913e-03
1.701558823697268963e-03
1.743820845149457455e-03
1.786776119843125343e-03
1.829893095418810844e-03
1.874491455964744091e-03
1.918518217280507088e-03
1.965450122952461243e-03
2.011435106396675110e-03
2.057640114799141884e-03
2.105518011376261711e-03
2.152976812794804573e-03
2.202160190790891647e-03
2.250163350254297256e-03
2.298413775861263275e-03
2.348272595554590225e-03
2.398933516815304756e-03
2.448177430778741837e-03
2.499570138752460480e-03
2.552198944613337517e-03
2.603964181616902351e-03
2.657799283042550087e-03
2.709880005568265915e-03
2.765862736850976944e-03
2.820364432409405708e-03
2.872963901609182358e-03
2.929880050942301750e-03
2.985567320138216019e-03
3.043083474040031433e-03
3.099582390859723091e-03
3.159712068736553192e-03
3.214391879737377167e-03
3.274814225733280182e-03
3.332519670948386192e-03
3.393689403310418129e-03
3.455204423516988754e-03
3.513830015435814857e-03
3.576969727873802185e-03
3.636411856859922409e-03
3.700029337778687477e-03
3.761324333027005196e-03
3.825392574071884155e-03
3.889783052727580070e-03
3.956393338739871979e-03
4.019545856863260269e-03
4.085363820195198059e-03
4.152232315391302109e-03
4.218782298266887665e-03
4.285596311092376709e-03
4.351606592535972595e-03
4.419904202222824097e-03
4.491613712161779404e-03
4.557992331683635712e-03
4.630282055586576462e-03
4.697651602327823639e-03
4.767902195453643799e-03
4.839305765926837921e-03
4.910455085337162018e-03
4.982975777238607407e-03
5.054228473454713821e-03
5.129465833306312561e-03
5.204171873629093170e-03
5.280154757201671600e-03
5.353725980967283249e-03
5.426180083304643631e-03
5.503357388079166412e-03
5.580725613981485367e-03
5.654691252857446671e-03
5.732417106628417969e-03
5.811840295791625977e-03
5.889121443033218384e-03
5.970948841422796249e-03
6.049400195479393005e-03
6.128589622676372528e-03
6.206091959029436111e-03
6.290232762694358826e-03
6.368272006511688232e-03
6.448937579989433289e-03
6.535162683576345444e-03
6.617122329771518707e-03
6.702029146254062653e-03
6.783909164369106293e-03
6.867315620183944702e-03
6.950976792722940445e-03
7.036711554974317551e-03
7.121643982827663422e-03
7.208166643977165222e-03
7.295006886124610901e-03
7.380333263427019119e-03
7.468806579709053040e-03
7.562553044408559799e-03
7.649104110896587372e-03
7.737162988632917404e-03
7.826136425137519836e-03
7.917032577097415924e-03
8.004401810467243195e-03
8.102331310510635376e-03
8.192390203475952148e-03
8.280748501420021057e-03
8.377300575375556946e-03
8.470734581351280212e-03
8.561793714761734009e-03
8.658466860651969910e-03
8.752211928367614746e-03
8.847385644912719727e-03
8.941868320107460022e-03
9.031629189848899841e-03
9.134178049862384796e-03
9.231513366103172302e-03
9.326955303549766541e-03
9.421527385711669922e-03
9.527474641799926758e-03
9.624185040593147278e-03
9.722407907247543335e-03
9.818309918045997620e-03
9.928205981850624084e-03
1.002224721014499664e-02
1.012127939611673355e-02
1.022368855774402618e-02
1.033132523298263550e-02
1.042994949966669083e-02
1.053229719400405884e-02
1.063540298491716385e-02
1.074077654629945755e-02
1.084223110228776932e-02
1.095473673194646835e-02
1.105356123298406601e-02
1.115972083061933517e-02
1.126565132290124893e-02
1.137843541800975800e-02
1.148410141468048096e-02
1.158699113875627518e-02
1.169459801167249680e-02
1.180462818592786789e-02
1.191516313701868057e-02
1.203090697526931763e-02
1.213383395224809647e-02
1.224264502525329590e-02
1.235835533589124680e-02
1.246417127549648285e-02
1.258398592472076416e-02
1.269172504544258118e-02
1.280432380735874176e-02
1.292130351066589355e-02
1.303574535995721817e-02
1.314934249967336655e-02
1.325975917279720306e-02
1.337619405239820480e-02
1.349512021988630295e-02
1.360807195305824280e-02
1.372263021767139435e-02
1.383812539279460907e-02
1.395176537334918976e-02
1.407853700220584869e-02
1.419643685221672058e-02
1.431642472743988037e-02
1.442805398255586624e-02
1.454512216150760651e-02
1.466802880167961121e-02
1.479827333241701126e-02
1.490920968353748322e-02
1.503946725279092789e-02
1.515661086887121201e-02
1.528000552207231522e-02
1.540350541472434998e-02
1.552897319197654724e-02
1.564957760274410248e-02
1.576981693506240845e-02
1.590069197118282318e-02
1.602095551788806915e-02
1.614917255938053131e-02
1.626583747565746307e-02
1.639995351433753967e-02
1.652498915791511536e-02
1.664704270660877228e-02
1.678412593901157379e-02
1.690532080829143524e-02
1.703952066600322723e-02
1.715692877769470215e-02
1.729233935475349426e-02
1.741834171116352081e-02
1.754983887076377869e-02
1.768782921135425568e-02
1.781813986599445343e-02
1.794650591909885406e-02
1.807282306253910065e-02
1.820888370275497437e-02
1.834173128008842468e-02
1.847800239920616150e-02
1.860635168850421906e-02
1.873745396733283997e-02
1.887412555515766144e-02
1.901218481361865997e-02
1.914959773421287537e-02
1.927906461060047150e-02
1.942132413387298584e-02
1.954596303403377533e-02
1.969466544687747955e-02
1.983167417347431183e-02
1.997254230082035065e-02
2.011098898947238922e-02
2.024281397461891174e-02
2.038834616541862488e-02
2.052588015794754028e-02
2.066181041300296783e-02
2.080226875841617584e-02
2.094673365354537964e-02
2.109577320516109467e-02
2.123203128576278687e-02
2.138014324009418488e-02
2.151421085000038147e-02
2.164545655250549316e-02
2.178868837654590607e-02
2.193881571292877197e-02
2.208644524216651917e-02
2.223387174308300018e-02
2.236512117087841034e-02
2.250999771058559418e-02
2.265983819961547852e-02
2.280147187411785126e-02
2.295181155204772949e-02
2.310403622686862946e-02
2.324068918824195862e-02
2.339488640427589417e-02
2.355055324733257294e-02
2.369421906769275665e-02
2.383773028850555420e-02
2.398688718676567078e-02
2.413501963019371033e-02
2.428518980741500854e-02
2.444208785891532898e-02
2.458489313721656799e-02
2.474750392138957977e-02
2.489683032035827637e-02
2.504353225231170654e-02
2.519688941538333893e-02
2.534595876932144165e-02
2.550024539232254028e-02
2.565862610936164856e-02
2.580709941685199738e-02
2.596785314381122589e-02
2.612480148673057556e-02
2.627301961183547974e-02
2.642928808927536011e-02
2.658726833760738373e-02
2.673833444714546204e-02
2.689189463853836060e-02
2.704741619527339935e-02
2.720705047249794006e-02
2.737313508987426758e-02
2.752784825861454010e-02
2.768167294561862946e-02
2.784087695181369781e-02
2.799610234797000885e-02
2.816842123866081238e-02
2.831161953508853912e-02
