3.000000119209289551e-01
2.847177982330322266e-01
2.704701721668243408e-01
2.571826875209808350e-01
2.447858601808547974e-01
2.332230508327484131e-01
2.224315404891967773e-01
2.123555839061737061e-01
2.029522359371185303e-01
1.941660195589065552e-01
1.859572231769561768e-01
1.782874166965484619e-01
1.711200177669525146e-01
1.644070744514465332e-01
1.581391096115112305e-01
1.522670537233352661e-01
1.467663198709487915e-01
1.416121572256088257e-01
1.367848515510559082e-01
1.322505474090576172e-01
1.279986053705215454e-01
1.240107119083404541e-01
1.202566176652908325e-01
1.167280673980712891e-01
1.134102791547775269e-01
1.102857887744903564e-01
1.073390245437622070e-01
1.045667827129364014e-01
1.019463390111923218e-01
9.946545958518981934e-02
9.712469577789306641e-02
9.490701556205749512e-02
9.281525015830993652e-02
9.082114696502685547e-02
8.892844617366790771e-02
8.713364601135253906e-02
8.542266488075256348e-02
8.379341661930084229e-02
8.223585784435272217e-02
8.075675368309020996e-02
7.933022081851959229e-02
7.797145843505859375e-02
7.667361199855804443e-02
7.541881501674652100e-02
7.422007620334625244e-02
7.306218147277832031e-02
7.194566726684570312e-02
7.086347043514251709e-02
6.982351839542388916e-02
6.881816685199737549e-02
6.784594058990478516e-02
6.689931452274322510e-02
6.597892940044403076e-02
6.508851051330566406e-02
6.421479582786560059e-02
6.337101757526397705e-02
6.254014372825622559e-02
6.172648072242736816e-02
6.093618273735046387e-02
6.016302108764648438e-02
5.940110981464385986e-02
5.865430831909179688e-02
5.791783332824707031e-02
5.719360709190368652e-02
5.649267137050628662e-02
5.578072369098663330e-02
5.510279536247253418e-02
5.442057549953460693e-02
5.374501645565032959e-02
5.308070778846740723e-02
5.242817103862762451e-02
5.177111923694610596e-02
5.112427473068237305e-02
5.048784613609313965e-02
4.985839128494262695e-02
4.922920465469360352e-02
4.861423373222351074e-02
4.798731207847595215e-02
4.737156629562377930e-02
4.676267504692077637e-02
4.614859819412231445e-02
4.554620385169982910e-02
4.494473338127136230e-02
4.435417056083679199e-02
4.375180602073669434e-02
4.316857457160949707e-02
4.257395863533020020e-02
4.198208451271057129e-02
4.139551520347595215e-02
4.080715775489807129e-02
4.022374749183654785e-02
3.963962197303771973e-02
3.906536102294921875e-02
3.848168253898620605e-02
3.790733218193054199e-02
3.733772039413452148e-02
3.676396608352661133e-02
3.618022799491882324e-02
3.561171889305114746e-02
3.503686189651489258e-02
3.446131944656372070e-02
3.389400243759155273e-02
3.332921862602233887e-02
3.275024890899658203e-02
3.218570351600646973e-02
3.161326050758361816e-02
3.104937076568603516e-02
3.048360347747802734e-02
2.990910410881042480e-02
2.934929728507995605e-02
2.877724170684814453e-02
2.822315692901611328e-02
2.765387296676635742e-02
2.709877490997314453e-02
2.652314305305480957e-02
2.596259117126464844e-02
2.539253234863281250e-02
2.483266592025756836e-02
2.427133917808532715e-02
2.371877431869506836e-02
2.315008640289306641e-02
2.258896827697753906e-02
2.202233672142028809e-02
2.147594094276428223e-02
2.090528607368469238e-02
2.034237980842590332e-02
1.976630091667175293e-02
1.921036839485168457e-02
1.865059137344360352e-02
1.809021830558776855e-02
1.752045750617980957e-02
1.697191596031188965e-02
1.641234755516052246e-02
1.584377884864807129e-02
1.529133319854736328e-02
1.473674178123474121e-02
1.416733860969543457e-02
1.360002160072326660e-02
1.305001974105834961e-02
1.248267292976379395e-02
1.192563772201538086e-02
1.137861609458923340e-02
1.082110404968261719e-02
1.026213169097900391e-02
9.697169065475463867e-03
9.130328893661499023e-03
8.581548929214477539e-03
8.025169372558593750e-03
7.461637258529663086e-03
6.894916296005249023e-03
6.347894668579101562e-03
5.781054496765136719e-03
5.223631858825683594e-03
4.674881696701049805e-03
4.107415676116943359e-03
3.541052341461181641e-03
2.988457679748535156e-03
2.417564392089843750e-03
1.871883869171142578e-03
1.323252916336059570e-03
7.669031620025634766e-04
2.068579196929931641e-04
-3.540515899658203125e-04
-8.963644504547119141e-04
-1.471191644668579102e-03
-2.020835876464843750e-03
-2.584576606750488281e-03
-3.123939037322998047e-03
-3.700375556945800781e-03
-4.261910915374755859e-03
-4.819929599761962891e-03
-5.368143320083618164e-03
-5.919963121414184570e-03
-6.477802991867065430e-03
-7.037043571472167969e-03
-7.594168186187744141e-03
-8.150458335876464844e-03
-8.714765310287475586e-03
-9.269893169403076172e-03
-9.829282760620117188e-03
-1.039427518844604492e-02
-1.094177365303039551e-02
-1.149168610572814941e-02
-1.205405592918395996e-02
-1.260283589363098145e-02
-1.317429542541503906e-02
-1.372310519218444824e-02
-1.427987217903137207e-02
-1.483181118965148926e-02
-1.538395881652832031e-02
-1.596009731292724609e-02
-1.649597287178039551e-02
-1.703888177871704102e-02
-1.761704683303833008e-02
-1.817160844802856445e-02
-1.871770620346069336e-02
-1.928493380546569824e-02
-1.983448863029479980e-02
-2.038994431495666504e-02
-2.094727754592895508e-02
-2.151286602020263672e-02
-2.204635739326477051e-02
-2.260261774063110352e-02
-2.314960956573486328e-02
-2.372056245803833008e-02
-2.426201105117797852e-02
-2.482211589813232422e-02
-2.536663413047790527e-02
-2.593880891799926758e-02
-2.647432684898376465e-02
-2.706381678581237793e-02
-2.760002017021179199e-02
-2.816408872604370117e-02
-2.870276570320129395e-02
-2.926188707351684570e-02
-2.982476353645324707e-02
-3.037229180335998535e-02
-3.091692924499511719e-02
-3.148028254508972168e-02
-3.202626109123229980e-02
-3.257232904434204102e-02
-3.313055634498596191e-02
-3.368714451789855957e-02
-3.424921631813049316e-02
-3.480857610702514648e-02
-3.533789515495300293e-02
-3.589943051338195801e-02
-3.643849492073059082e-02
-3.701671957969665527e-02
-3.755447268486022949e-02
-3.810322284698486328e-02
-3.866297006607055664e-02
-3.920981287956237793e-02
-3.977686166763305664e-02
-4.032418131828308105e-02
-4.087042808532714844e-02
-4.144442081451416016e-02
-4.195791482925415039e-02
-4.255646467208862305e-02
-4.307466745376586914e-02
-4.363280534744262695e-02
-4.417920112609863281e-02
-4.471611976623535156e-02
-4.528948664665222168e-02
-4.584214091300964355e-02
-4.640540480613708496e-02
-4.694604873657226562e-02
-4.749476909637451172e-02
-4.803496599197387695e-02
-4.859569668769836426e-02
-4.913276433944702148e-02
-4.970332980155944824e-02
-5.024755001068115234e-02
-5.079987645149230957e-02
-5.135685205459594727e-02
-5.191430449485778809e-02
-5.247259140014648438e-02
-5.301907658576965332e-02
-5.355039238929748535e-02
-5.410552024841308594e-02
-5.466684699058532715e-02
-5.518859624862670898e-02
-5.573913455009460449e-02
-5.630552768707275391e-02
-5.684491991996765137e-02
-5.740627646446228027e-02
-5.793297290802001953e-02
-5.850496888160705566e-02
-5.905902385711669922e-02
-5.957624316215515137e-02
-6.014779210090637207e-02
-6.069293618202209473e-02
-6.124284863471984863e-02
-6.178253889083862305e-02
-6.236195564270019531e-02
-6.287035346031188965e-02
-6.344112753868103027e-02
-6.397268176078796387e-02
-6.452926993370056152e-02
-6.509184837341308594e-02
-6.561958789825439453e-02
-6.618034839630126953e-02
-6.670665740966796875e-02
-6.726777553558349609e-02
-6.779795885086059570e-02
-6.834858655929565430e-02
-6.890541315078735352e-02
-6.947171688079833984e-02
-7.000300288200378418e-02
-7.054692506790161133e-02
-7.110890746116638184e-02
-7.164865732192993164e-02
-7.219815254211425781e-02
-7.273083925247192383e-02
-7.328400015830993652e-02
-7.385191321372985840e-02
-7.437568902969360352e-02
-7.493954896926879883e-02
-7.546812295913696289e-02
-7.600083947181701660e-02
-7.656037807464599609e-02
-7.708576321601867676e-02
-7.764223217964172363e-02
-7.818007469177246094e-02
-7.873204350471496582e-02
-7.929086685180664062e-02
-7.985162734985351562e-02
-8.038899302482604980e-02
-8.090180158615112305e-02
-8.146798610687255859e-02
-8.201760053634643555e-02
-8.253401517868041992e-02
-8.308815956115722656e-02
-8.364874124526977539e-02
-8.418631553649902344e-02
-8.477029204368591309e-02
-8.528122305870056152e-02
-8.583131432533264160e-02
-8.634978532791137695e-02
-8.692443370819091797e-02
-8.744883537292480469e-02
-8.798387646675109863e-02
-8.855688571929931641e-02
-8.908832073211669922e-02
-8.965194225311279297e-02
-9.016487002372741699e-02
-9.070280194282531738e-02
-9.124493598937988281e-02
-9.179586172103881836e-02
-9.233158826828002930e-02
-9.286892414093017578e-02
-9.341135621070861816e-02
-9.394699335098266602e-02
-9.448063373565673828e-02
-9.506711363792419434e-02
-9.559375047683715820e-02
-9.612837433815002441e-02
-9.666702151298522949e-02
-9.721356630325317383e-02
-9.772735834121704102e-02
-9.831145405769348145e-02
-9.884735941886901855e-02
-9.935930371284484863e-02
-9.994035959243774414e-02
-1.004791855812072754e-01
-1.010069251060485840e-01
-1.015523672103881836e-01
-1.020898222923278809e-01
-1.026348471641540527e-01
-1.031707525253295898e-01
-1.036700904369354248e-01
-1.042579412460327148e-01
-1.047834157943725586e-01
-1.053122878074645996e-01
-1.058287024497985840e-01
-1.064243614673614502e-01
-1.069462299346923828e-01
-1.074934899806976318e-01
-1.079900562763214111e-01
-1.085947155952453613e-01
-1.090919971466064453e-01
-1.096283495426177979e-01
-1.101554930210113525e-01
-1.107323169708251953e-01
-1.112464070320129395e-01
-1.117695569992065430e-01
-1.123134791851043701e-01
-1.128603518009185791e-01
-1.133755147457122803e-01
-1.139543056488037109e-01
-1.144691705703735352e-01
-1.150020956993103027e-01
-1.155376434326171875e-01
-1.161092817783355713e-01
-1.166307330131530762e-01
-1.171476542949676514e-01
-1.176707744598388672e-01
-1.182146072387695312e-01
-1.187583804130554199e-01
-1.193397641181945801e-01
-1.198158562183380127e-01
-1.203540861606597900e-01
-1.209192872047424316e-01
-1.214075386524200439e-01
-1.220002770423889160e-01
-1.225165128707885742e-01
-1.230456829071044922e-01
-1.235947012901306152e-01
-1.241306662559509277e-01
-1.246602535247802734e-01
-1.251786947250366211e-01
-1.257218122482299805e-01
-1.262714862823486328e-01
-1.267934143543243408e-01
-1.273098886013031006e-01
-1.278516054153442383e-01
-1.283490061759948730e-01
-1.289387941360473633e-01
-1.294597387313842773e-01
-1.300100088119506836e-01
-1.304974853992462158e-01
-1.310243606567382812e-01
-1.315667033195495605e-01
-1.321617364883422852e-01
-1.326395273208618164e-01
-1.332179903984069824e-01
-1.337199807167053223e-01
-1.342655122280120850e-01
-1.347966790199279785e-01
-1.353339254856109619e-01
-1.358495354652404785e-01
-1.363728642463684082e-01
-1.369427442550659180e-01
-1.374334692955017090e-01
-1.379811763763427734e-01
-1.384786367416381836e-01
-1.390442252159118652e-01
-1.395572721958160400e-01
-1.400687992572784424e-01
-1.406441628932952881e-01
-1.411423087120056152e-01
-1.416997313499450684e-01
-1.421850919723510742e-01
-1.427370905876159668e-01
-1.432417035102844238e-01
-1.437809467315673828e-01
-1.443570256233215332e-01
-1.448738574981689453e-01
-1.453907489776611328e-01
-1.458789706230163574e-01
-1.464468836784362793e-01
-1.469701528549194336e-01
-1.475268006324768066e-01
-1.480200290679931641e-01
-1.485258936882019043e-01
-1.490727365016937256e-01
-1.496198475360870361e-01
-1.501439213752746582e-01
-1.506574153900146484e-01
-1.511894464492797852e-01
-1.516862809658050537e-01
-1.522630453109741211e-01
-1.527940332889556885e-01
-1.533313095569610596e-01
-1.538689732551574707e-01
-1.543541252613067627e-01
-1.549046933650970459e-01
-1.554222404956817627e-01
-1.559439897537231445e-01
-1.564656198024749756e-01
-1.569918096065521240e-01
-1.575597226619720459e-01
-1.580674052238464355e-01
-1.586116552352905273e-01
-1.591168642044067383e-01
-1.595790982246398926e-01
-1.601105034351348877e-01
-1.606646776199340820e-01
-1.612043082714080811e-01
-1.617526412010192871e-01
-1.621987819671630859e-01
-1.627318859100341797e-01
-1.632743477821350098e-01
-1.637887358665466309e-01
-1.643147468566894531e-01
-1.648539006710052490e-01
-1.653378009796142578e-01
-1.658924221992492676e-01
-1.664485931396484375e-01
-1.669465899467468262e-01
-1.674512922763824463e-01
-1.679815053939819336e-01
-1.684928536415100098e-01
-1.690187454223632812e-01
-1.695537865161895752e-01
-1.700521111488342285e-01
-1.706264615058898926e-01
-1.711264848709106445e-01
-1.716437637805938721e-01
-1.721639633178710938e-01
-1.726763248443603516e-01
-1.731801033020019531e-01
-1.737334728240966797e-01
-1.742271184921264648e-01
-1.747815608978271484e-01
-1.753097176551818848e-01
-1.758102178573608398e-01
-1.763164401054382324e-01
-1.768390536308288574e-01
-1.773277521133422852e-01
-1.778606176376342773e-01
-1.783675551414489746e-01
-1.788941919803619385e-01
-1.794379949569702148e-01
-1.799392700195312500e-01
-1.804340481758117676e-01
-1.809861660003662109e-01
-1.814705729484558105e-01
-1.820331811904907227e-01
-1.825090348720550537e-01
